0 0.10336538461538461 0.9615384615384616 0.1466346153846154 0.07692307692307693
0 0.0985576923076923 0.7788461538461539 0.11538461538461539 0.11778846153846154
0 0.3233173076923077 0.9314903846153846 0.11658653846153846 0.13581730769230768
0 0.3401442307692308 0.5733173076923077 0.046875 0.06129807692307692
0 0.41466346153846156 0.5997596153846154 0.04567307692307692 0.06370192307692307
0 0.3233173076923077 0.5096153846153846 0.038461538461538464 0.042067307692307696
0 0.390625 0.49399038461538464 0.030048076923076924 0.038461538461538464
0 0.4254807692307692 0.5252403846153846 0.03245192307692308 0.046875
0 0.4254807692307692 0.43149038461538464 0.021634615384615384 0.027644230769230768
0 0.41466346153846156 0.40384615384615385 0.014423076923076924 0.02403846153846154
0 0.45552884615384615 0.44711538461538464 0.019230769230769232 0.027644230769230768
0 0.44471153846153844 0.39903846153846156 0.013221153846153846 0.021634615384615384
0 0.46634615384615385 0.39903846153846156 0.013221153846153846 0.019230769230769232
0 0.4375 0.38100961538461536 0.009615384615384616 0.016826923076923076
0 0.5348557692307693 0.40384615384615385 0.015625 0.019230769230769232
0 0.5372596153846154 0.42788461538461536 0.016826923076923076 0.026442307692307692
0 0.5889423076923077 0.46634615384615385 0.027644230769230768 0.03365384615384615
1 0.6274038461538461 0.43028846153846156 0.052884615384615384 0.0985576923076923
0 0.5588942307692307 0.5036057692307693 0.03125 0.042067307692307696
1 0.7139423076923077 0.5408653846153846 0.06009615384615385 0.10817307692307693
1 0.7019230769230769 0.8798076923076923 0.1201923076923077 0.2403846153846154
0 0.9134615384615384 0.8016826923076923 0.12379807692307693 0.16706730769230768