0 0.2536057692307692 0.7379807692307693 0.09014423076923077 0.11899038461538461
0 0.22115384615384615 0.6237980769230769 0.06490384615384616 0.06610576923076923
0 0.3918269230769231 0.7079326923076923 0.06490384615384616 0.10697115384615384
0 0.3713942307692308 0.5192307692307693 0.03485576923076923 0.04567307692307692
0 0.35697115384615385 0.47115384615384615 0.027644230769230768 0.03485576923076923
0 0.4050480769230769 0.4675480769230769 0.025240384615384616 0.036057692307692304
0 0.4387019230769231 0.4831730769230769 0.027644230769230768 0.037259615384615384
0 0.4326923076923077 0.5336538461538461 0.03365384615384615 0.046875
0 0.4338942307692308 0.4170673076923077 0.018028846153846152 0.02403846153846154
0 0.46033653846153844 0.42788461538461536 0.018028846153846152 0.02403846153846154
0 0.42427884615384615 0.3918269230769231 0.013221153846153846 0.019230769230769232
0 0.45072115384615385 0.3894230769230769 0.009615384615384616 0.019230769230769232
0 0.4699519230769231 0.38822115384615385 0.01201923076923077 0.018028846153846152
0 0.44471153846153844 0.375 0.009615384615384616 0.014423076923076924
0 0.5300480769230769 0.39903846153846156 0.016826923076923076 0.020432692307692308
0 0.5444711538461539 0.3762019230769231 0.009615384615384616 0.016826923076923076
0 0.5552884615384616 0.40024038461538464 0.013221153846153846 0.021634615384615384
1 0.5745192307692307 0.3786057692307692 0.021634615384615384 0.038461538461538464
0 0.5949519230769231 0.41947115384615385 0.015625 0.027644230769230768
0 0.5444711538461539 0.4411057692307692 0.021634615384615384 0.028846153846153848
0 0.5540865384615384 0.484375 0.025240384615384616 0.040865384615384616
1 0.6790865384615384 0.4831730769230769 0.08533653846153846 0.14903846153846154
0 0.6622596153846154 0.59375 0.052884615384615384 0.06850961538461539
0 0.609375 0.671875 0.06129807692307692 0.08173076923076923
1 0.9014423076923077 0.7487980769230769 0.14783653846153846 0.24278846153846154