0 0.2956730769230769 0.6586538461538461 0.0673076923076923 0.09495192307692307
0 0.25841346153846156 0.5817307692307693 0.05048076923076923 0.05889423076923077
0 0.40865384615384615 0.6358173076923077 0.05048076923076923 0.078125
0 0.38341346153846156 0.49759615384615385 0.03245192307692308 0.04326923076923077
0 0.36899038461538464 0.4567307692307692 0.02403846153846154 0.027644230769230768
0 0.43990384615384615 0.5072115384615384 0.028846153846153848 0.04326923076923077
0 0.4098557692307692 0.45552884615384615 0.02403846153846154 0.030048076923076924
0 0.44350961538461536 0.46634615384615385 0.02403846153846154 0.030048076923076924
0 0.4362980769230769 0.4098557692307692 0.016826923076923076 0.02403846153846154
0 0.42908653846153844 0.3870192307692308 0.01201923076923077 0.018028846153846152
0 0.46153846153846156 0.4206730769230769 0.016826923076923076 0.02403846153846154
0 0.453125 0.38461538461538464 0.01201923076923077 0.016826923076923076
0 0.4735576923076923 0.38461538461538464 0.014423076923076924 0.016826923076923076
0 0.5336538461538461 0.4110576923076923 0.015625 0.025240384615384616
0 0.5480769230769231 0.38341346153846156 0.009615384615384616 0.016826923076923076
0 0.5288461538461539 0.3894230769230769 0.013221153846153846 0.019230769230769232
1 0.5805288461538461 0.3858173076923077 0.02403846153846154 0.04567307692307692
0 0.5625 0.41586538461538464 0.018028846153846152 0.025240384615384616
0 0.5528846153846154 0.4699519230769231 0.025240384615384616 0.038461538461538464
0 0.5697115384615384 0.5336538461538461 0.03485576923076923 0.055288461538461536
0 0.6081730769230769 0.4362980769230769 0.018028846153846152 0.03245192307692308
1 0.7283653846153846 0.5324519230769231 0.125 0.20432692307692307
0 0.7728365384615384 0.7920673076923077 0.10336538461538461 0.15264423076923078
0 0.703125 0.9350961538461539 0.12139423076923077 0.12860576923076922