0 0.2860576923076923 0.546875 0.04447115384615385 0.046875
0 0.3233173076923077 0.6117788461538461 0.055288461538461536 0.07692307692307693
0 0.41947115384615385 0.5925480769230769 0.04567307692307692 0.06850961538461539
0 0.39302884615384615 0.48197115384615385 0.027644230769230768 0.036057692307692304
0 0.3786057692307692 0.44350961538461536 0.02403846153846154 0.028846153846153848
0 0.41466346153846156 0.44711538461538464 0.021634615384615384 0.03245192307692308
0 0.44471153846153844 0.4891826923076923 0.026442307692307692 0.040865384615384616
0 0.44711538461538464 0.453125 0.020432692307692308 0.028846153846153848
0 0.4411057692307692 0.4050480769230769 0.014423076923076924 0.019230769230769232
0 0.4651442307692308 0.41225961538461536 0.016826923076923076 0.020432692307692308
0 0.4338942307692308 0.38341346153846156 0.01201923076923077 0.019230769230769232
0 0.47596153846153844 0.3786057692307692 0.010817307692307692 0.015625
0 0.4567307692307692 0.38341346153846156 0.01201923076923077 0.016826923076923076
0 0.53125 0.40024038461538464 0.014423076923076924 0.025240384615384616
0 0.5528846153846154 0.3918269230769231 0.014423076923076924 0.020432692307692308
0 0.5396634615384616 0.4266826923076923 0.018028846153846152 0.028846153846153848
0 0.5697115384615384 0.42908653846153844 0.020432692307692308 0.030048076923076924
1 0.5889423076923077 0.3954326923076923 0.030048076923076924 0.054086538461538464
0 0.625 0.4579326923076923 0.025240384615384616 0.036057692307692304
0 0.5685096153846154 0.5108173076923077 0.03245192307692308 0.051682692307692304
0 0.5961538461538461 0.6153846153846154 0.05048076923076923 0.0829326923076923
1 0.8052884615384616 0.609375 0.19471153846153846 0.30408653846153844