1 0.8882211538461539 0.7319711538461539 0.22355769230769232 0.4543269230769231
0 0.18509615384615385 0.8581730769230769 0.12620192307692307 0.15504807692307693
0 0.3449519230769231 0.5685096153846154 0.046875 0.06610576923076923
0 0.3112980769230769 0.5216346153846154 0.03245192307692308 0.04447115384615385
0 0.43028846153846156 0.5540865384615384 0.037259615384615384 0.052884615384615384
0 0.40024038461538464 0.4699519230769231 0.025240384615384616 0.038461538461538464
0 0.38822115384615385 0.4326923076923077 0.019230769230769232 0.026442307692307692
0 0.41947115384615385 0.4387019230769231 0.021634615384615384 0.026442307692307692
0 0.4495192307692308 0.47115384615384615 0.02403846153846154 0.030048076923076924
0 0.453125 0.4411057692307692 0.019230769230769232 0.025240384615384616
0 0.44350961538461536 0.40024038461538464 0.014423076923076924 0.019230769230769232
0 0.46634615384615385 0.40384615384615385 0.014423076923076924 0.018028846153846152
0 0.4375 0.37740384615384615 0.009615384615384616 0.016826923076923076
0 0.47716346153846156 0.37740384615384615 0.009615384615384616 0.01201923076923077
0 0.4579326923076923 0.3798076923076923 0.008413461538461538 0.01201923076923077
0 0.5276442307692307 0.38461538461538464 0.013221153846153846 0.018028846153846152
0 0.5348557692307693 0.41586538461538464 0.019230769230769232 0.030048076923076924
0 0.5576923076923077 0.4014423076923077 0.014423076923076924 0.021634615384615384
0 0.5456730769230769 0.4519230769230769 0.02403846153846154 0.03245192307692308
0 0.5841346153846154 0.4543269230769231 0.02403846153846154 0.038461538461538464
1 0.5997596153846154 0.4074519230769231 0.037259615384615384 0.0625
0 0.6502403846153846 0.4891826923076923 0.030048076923076924 0.042067307692307696
0 0.5949519230769231 0.5853365384615384 0.046875 0.06850961538461539
0 0.6598557692307693 0.8052884615384616 0.09134615384615384 0.16826923076923078