0 0.12620192307692307 0.9459134615384616 0.14423076923076922 0.10817307692307693
0 0.15264423076923078 0.7067307692307693 0.09735576923076923 0.09495192307692307
0 0.3425480769230769 0.7908653846153846 0.08774038461538461 0.13581730769230768
0 0.29447115384615385 0.6634615384615384 0.06850961538461539 0.08052884615384616
0 0.375 0.5144230769230769 0.03485576923076923 0.04807692307692308
0 0.34375 0.48197115384615385 0.028846153846153848 0.03365384615384615
0 0.4411057692307692 0.5072115384615384 0.030048076923076924 0.042067307692307696
0 0.41225961538461536 0.44591346153846156 0.021634615384615384 0.030048076923076924
0 0.4579326923076923 0.44711538461538464 0.021634615384615384 0.03245192307692308
0 0.46033653846153844 0.4230769230769231 0.016826923076923076 0.026442307692307692
0 0.42908653846153844 0.4230769230769231 0.016826923076923076 0.02403846153846154
0 0.40384615384615385 0.41586538461538464 0.019230769230769232 0.02403846153846154
0 0.44711538461538464 0.390625 0.014423076923076924 0.019230769230769232
0 0.47115384615384615 0.3942307692307692 0.01201923076923077 0.018028846153846152
0 0.5348557692307693 0.4074519230769231 0.016826923076923076 0.02403846153846154
0 0.5276442307692307 0.38100961538461536 0.01201923076923077 0.016826923076923076
0 0.5733173076923077 0.43149038461538464 0.016826923076923076 0.026442307692307692
0 0.5492788461538461 0.4543269230769231 0.02403846153846154 0.03365384615384615
1 0.6382211538461539 0.4483173076923077 0.055288461538461536 0.0889423076923077
0 0.5721153846153846 0.5384615384615384 0.03485576923076923 0.055288461538461536
0 0.6322115384615384 0.5432692307692307 0.040865384615384616 0.054086538461538464
0 0.7475961538461539 0.6045673076923077 0.056490384615384616 0.07692307692307693