0 0.21514423076923078 0.8233173076923077 0.10336538461538461 0.12740384615384615
0 0.20793269230769232 0.640625 0.07451923076923077 0.07932692307692307
0 0.3245192307692308 0.6105769230769231 0.056490384615384616 0.07091346153846154
0 0.37259615384615385 0.6947115384615384 0.0673076923076923 0.0985576923076923
0 0.38461538461538464 0.4963942307692308 0.03125 0.04447115384615385
0 0.3557692307692308 0.4699519230769231 0.025240384615384616 0.03245192307692308
0 0.44591346153846156 0.4879807692307692 0.027644230769230768 0.037259615384615384
0 0.4170673076923077 0.4375 0.019230769230769232 0.025240384615384616
0 0.4110576923076923 0.4074519230769231 0.015625 0.020432692307692308
0 0.4326923076923077 0.41586538461538464 0.016826923076923076 0.018028846153846152
0 0.46033653846153844 0.4362980769230769 0.018028846153846152 0.019230769230769232
0 0.46274038461538464 0.41466346153846156 0.016826923076923076 0.02403846153846154
0 0.5300480769230769 0.3894230769230769 0.01201923076923077 0.019230769230769232
0 0.5396634615384616 0.421875 0.019230769230769232 0.030048076923076924
0 0.5612980769230769 0.4891826923076923 0.028846153846153848 0.04567307692307692
0 0.5841346153846154 0.4543269230769231 0.021634615384615384 0.03245192307692308
1 0.6694711538461539 0.4831730769230769 0.07211538461538461 0.11538461538461539
0 0.6009615384615384 0.6322115384615384 0.05048076923076923 0.08653846153846154
0 0.6838942307692307 0.6346153846153846 0.056490384615384616 0.0829326923076923
0 0.8557692307692307 0.7307692307692307 0.08774038461538461 0.12259615384615384