0 0.037259615384615384 0.8966346153846154 0.07211538461538461 0.15504807692307693
0 0.21995192307692307 0.7740384615384616 0.08413461538461539 0.12139423076923077
0 0.3161057692307692 0.5853365384615384 0.055288461538461536 0.0625
0 0.359375 0.5336538461538461 0.04447115384615385 0.06009615384615385
0 0.3233173076923077 0.5036057692307693 0.03485576923076923 0.040865384615384616
0 0.4230769230769231 0.5673076923076923 0.040865384615384616 0.0625
0 0.38100961538461536 0.4411057692307692 0.021634615384615384 0.028846153846153848
0 0.4110576923076923 0.4495192307692308 0.02283653846153846 0.028846153846153848
0 0.4519230769230769 0.4567307692307692 0.02403846153846154 0.03245192307692308
0 0.43149038461538464 0.4182692307692308 0.019230769230769232 0.027644230769230768
0 0.4639423076923077 0.41225961538461536 0.019230769230769232 0.027644230769230768
0 0.4495192307692308 0.3858173076923077 0.014423076923076924 0.019230769230769232
0 0.4735576923076923 0.3858173076923077 0.01201923076923077 0.018028846153846152
0 0.43028846153846156 0.3870192307692308 0.014423076923076924 0.018028846153846152
1 0.4543269230769231 0.3557692307692308 0.013221153846153846 0.026442307692307692
0 0.7980769230769231 0.671875 0.078125 0.1141826923076923
0 0.6430288461538461 0.5649038461538461 0.04567307692307692 0.06490384615384616
0 0.5576923076923077 0.47596153846153844 0.028846153846153848 0.056490384615384616
0 0.6310096153846154 0.46634615384615385 0.025240384615384616 0.036057692307692304
0 0.5733173076923077 0.43509615384615385 0.019230769230769232 0.028846153846153848
0 0.5865384615384616 0.40384615384615385 0.021634615384615384 0.030048076923076924
0 0.6057692307692307 0.4338942307692308 0.019230769230769232 0.030048076923076924
0 0.5360576923076923 0.40384615384615385 0.016826923076923076 0.02403846153846154