0 0.13221153846153846 0.7247596153846154 0.09735576923076923 0.10336538461538461
0 0.3173076923076923 0.6550480769230769 0.0625 0.08173076923076923
0 0.28365384615384615 0.5552884615384616 0.05048076923076923 0.055288461538461536
0 0.36658653846153844 0.5384615384615384 0.04326923076923077 0.051682692307692304
0 0.4098557692307692 0.5829326923076923 0.04567307692307692 0.07211538461538461
0 0.3762019230769231 0.44471153846153844 0.020432692307692308 0.026442307692307692
0 0.4014423076923077 0.4651442307692308 0.025240384615384616 0.03485576923076923
0 0.453125 0.46153846153846156 0.020432692307692308 0.03365384615384615
0 0.4266826923076923 0.42427884615384615 0.018028846153846152 0.026442307692307692
0 0.4387019230769231 0.4050480769230769 0.014423076923076924 0.018028846153846152
0 0.421875 0.3954326923076923 0.01201923076923077 0.019230769230769232
0 0.46634615384615385 0.4182692307692308 0.016826923076923076 0.019230769230769232
0 0.4675480769230769 0.4014423076923077 0.010817307692307692 0.019230769230769232
0 0.4543269230769231 0.3786057692307692 0.010817307692307692 0.016826923076923076
0 0.5384615384615384 0.4170673076923077 0.016826923076923076 0.025240384615384616
0 0.5588942307692307 0.47475961538461536 0.027644230769230768 0.040865384615384616
0 0.6322115384615384 0.5384615384615384 0.038461538461538464 0.052884615384615384
0 0.6129807692307693 0.6382211538461539 0.056490384615384616 0.09615384615384616
1 0.8100961538461539 0.6237980769230769 0.17668269230769232 0.24278846153846154