0 0.09495192307692307 0.9387019230769231 0.15144230769230768 0.12259615384615384
0 0.19591346153846154 0.6502403846153846 0.0733173076923077 0.08774038461538461
0 0.35096153846153844 0.6033653846153846 0.051682692307692304 0.06490384615384616
0 0.3076923076923077 0.5252403846153846 0.042067307692307696 0.04567307692307692
0 0.38100961538461536 0.5120192307692307 0.036057692307692304 0.04447115384615385
0 0.4206730769230769 0.5456730769230769 0.042067307692307696 0.06009615384615385
0 0.38461538461538464 0.43509615384615385 0.019230769230769232 0.02403846153846154
0 0.4074519230769231 0.453125 0.025240384615384616 0.03485576923076923
0 0.45552884615384615 0.4483173076923077 0.019230769230769232 0.027644230769230768
0 0.43149038461538464 0.4182692307692308 0.015625 0.021634615384615384
0 0.44471153846153844 0.40024038461538464 0.014423076923076924 0.020432692307692308
0 0.4675480769230769 0.4110576923076923 0.016826923076923076 0.019230769230769232
0 0.4266826923076923 0.3918269230769231 0.01201923076923077 0.016826923076923076
0 0.5456730769230769 0.43990384615384615 0.020432692307692308 0.03245192307692308
0 0.5721153846153846 0.5228365384615384 0.03485576923076923 0.054086538461538464
0 0.6850961538461539 0.6322115384615384 0.056490384615384616 0.08052884615384616
0 0.6971153846153846 0.8786057692307693 0.10576923076923077 0.20432692307692307
1 0.9170673076923077 0.7836538461538461 0.1658653846153846 0.39903846153846156