0 0.15264423076923078 0.890625 0.13581730769230768 0.16346153846153846
0 0.33052884615384615 0.8533653846153846 0.11177884615384616 0.18629807692307693
0 0.1875 0.6706730769230769 0.0733173076923077 0.0889423076923077
0 0.29447115384615385 0.6370192307692307 0.06129807692307692 0.0733173076923077
0 0.2980769230769231 0.5324519230769231 0.04326923076923077 0.051682692307692304
0 0.3581730769230769 0.4699519230769231 0.027644230769230768 0.03485576923076923
0 0.40865384615384615 0.5108173076923077 0.03125 0.046875
0 0.40865384615384615 0.46274038461538464 0.02403846153846154 0.030048076923076924
0 0.43990384615384615 0.47836538461538464 0.026442307692307692 0.038461538461538464
0 0.40384615384615385 0.41225961538461536 0.014423076923076924 0.019230769230769232
0 0.4230769230769231 0.4230769230769231 0.019230769230769232 0.021634615384615384
0 0.4423076923076923 0.4026442307692308 0.014423076923076924 0.020432692307692308
0 0.46274038461538464 0.421875 0.016826923076923076 0.019230769230769232
0 0.4735576923076923 0.3954326923076923 0.01201923076923077 0.015625
0 0.47596153846153844 0.38100961538461536 0.009615384615384616 0.014423076923076924
0 0.4519230769230769 0.3870192307692308 0.010817307692307692 0.015625
0 0.43990384615384615 0.3798076923076923 0.009615384615384616 0.015625
0 0.5877403846153846 0.41225961538461536 0.016826923076923076 0.019230769230769232
0 0.6033653846153846 0.5901442307692307 0.04807692307692308 0.06850961538461539