0 0.234375 0.7487980769230769 0.09735576923076923 0.12139423076923077
0 0.36899038461538464 0.7319711538461539 0.08052884615384616 0.13341346153846154
0 0.23677884615384615 0.6081730769230769 0.05889423076923077 0.0733173076923077
0 0.32572115384615385 0.5853365384615384 0.052884615384615384 0.06009615384615385
0 0.31971153846153844 0.5096153846153846 0.037259615384615384 0.04567307692307692
0 0.36899038461538464 0.4579326923076923 0.025240384615384616 0.028846153846153848
0 0.421875 0.49278846153846156 0.030048076923076924 0.04326923076923077
0 0.44471153846153844 0.46153846153846156 0.026442307692307692 0.036057692307692304
0 0.41466346153846156 0.44711538461538464 0.02403846153846154 0.027644230769230768
0 0.4110576923076923 0.4074519230769231 0.013221153846153846 0.019230769230769232
0 0.42788461538461536 0.4170673076923077 0.018028846153846152 0.020432692307692308
0 0.44471153846153844 0.39663461538461536 0.014423076923076924 0.016826923076923076
0 0.4651442307692308 0.41346153846153844 0.014423076923076924 0.019230769230769232
0 0.4543269230769231 0.38461538461538464 0.009615384615384616 0.01201923076923077
0 0.6033653846153846 0.4338942307692308 0.020432692307692308 0.02403846153846154
0 0.6634615384615384 0.7548076923076923 0.0829326923076923 0.12860576923076922