0 0.2824519230769231 0.6682692307692307 0.06971153846153846 0.09495192307692307
0 0.2704326923076923 0.5697115384615384 0.04927884615384615 0.05889423076923077
0 0.3918269230769231 0.65625 0.06370192307692307 0.10697115384615384
0 0.34615384615384615 0.5504807692307693 0.04326923076923077 0.052884615384615384
0 0.33533653846153844 0.49399038461538464 0.03245192307692308 0.037259615384615384
0 0.37740384615384615 0.44350961538461536 0.02403846153846154 0.026442307692307692
0 0.43149038461538464 0.47836538461538464 0.025240384615384616 0.03365384615384615
0 0.4495192307692308 0.4483173076923077 0.02403846153846154 0.030048076923076924
0 0.4206730769230769 0.4387019230769231 0.020432692307692308 0.02403846153846154
0 0.43149038461538464 0.4110576923076923 0.014423076923076924 0.019230769230769232
0 0.41466346153846156 0.40024038461538464 0.014423076923076924 0.020432692307692308
0 0.44711538461538464 0.3918269230769231 0.01201923076923077 0.018028846153846152
0 0.4675480769230769 0.4074519230769231 0.013221153846153846 0.019230769230769232
0 0.4567307692307692 0.38100961538461536 0.009615384615384616 0.014423076923076924
0 0.6237980769230769 0.46153846153846156 0.026442307692307692 0.03365384615384615