0 0.12139423076923077 0.9507211538461539 0.13701923076923078 0.0985576923076923
0 0.31850961538461536 0.6045673076923077 0.056490384615384616 0.06971153846153846
0 0.29927884615384615 0.5384615384615384 0.040865384615384616 0.054086538461538464
0 0.4110576923076923 0.6033653846153846 0.052884615384615384 0.08413461538461539
0 0.36658653846153844 0.5216346153846154 0.037259615384615384 0.046875
0 0.35216346153846156 0.4735576923076923 0.03245192307692308 0.038461538461538464
0 0.3858173076923077 0.4338942307692308 0.02283653846153846 0.02403846153846154
0 0.43990384615384615 0.46153846153846156 0.02403846153846154 0.030048076923076924
0 0.453125 0.4362980769230769 0.018028846153846152 0.028846153846153848
0 0.42427884615384615 0.42908653846153844 0.019230769230769232 0.025240384615384616
0 0.43509615384615385 0.4050480769230769 0.013221153846153846 0.018028846153846152
0 0.47115384615384615 0.40384615384615385 0.013221153846153846 0.018028846153846152
0 0.45072115384615385 0.3870192307692308 0.010817307692307692 0.018028846153846152
0 0.6610576923076923 0.5024038461538461 0.03485576923076923 0.042067307692307696