0 0.21514423076923078 0.8149038461538461 0.10096153846153846 0.140625
0 0.31971153846153844 0.9290865384615384 0.11057692307692307 0.14182692307692307
0 0.3425480769230769 0.5673076923076923 0.04567307692307692 0.06009615384615385
0 0.31850961538461536 0.5120192307692307 0.03485576923076923 0.042067307692307696
0 0.421875 0.5649038461538461 0.04567307692307692 0.07091346153846154
0 0.38100961538461536 0.5 0.03125 0.042067307692307696
0 0.36177884615384615 0.46153846153846156 0.02283653846153846 0.030048076923076924
0 0.3942307692307692 0.42788461538461536 0.020432692307692308 0.02403846153846154
0 0.44471153846153844 0.4483173076923077 0.021634615384615384 0.025240384615384616
0 0.43028846153846156 0.4206730769230769 0.016826923076923076 0.025240384615384616
0 0.45552884615384615 0.42908653846153844 0.016826923076923076 0.025240384615384616
0 0.4387019230769231 0.39903846153846156 0.014423076923076924 0.019230769230769232
0 0.4723557692307692 0.39663461538461536 0.014423076923076924 0.019230769230769232
0 0.5420673076923077 0.3701923076923077 0.009615384615384616 0.020432692307692308
0 0.5576923076923077 0.3737980769230769 0.009615384615384616 0.01201923076923077
0 0.453125 0.38461538461538464 0.01201923076923077 0.018028846153846152
0 0.4254807692307692 0.390625 0.009615384615384616 0.01201923076923077
0 0.71875 0.5721153846153846 0.052884615384615384 0.06370192307692307