0 0.27884615384615385 0.7007211538461539 0.07091346153846154 0.1045673076923077
0 0.36899038461538464 0.7836538461538461 0.078125 0.12139423076923077
0 0.3629807692307692 0.5324519230769231 0.037259615384615384 0.052884615384615384
0 0.33653846153846156 0.49399038461538464 0.03245192307692308 0.038461538461538464
0 0.39302884615384615 0.47836538461538464 0.025240384615384616 0.038461538461538464
0 0.3737980769230769 0.4483173076923077 0.02283653846153846 0.027644230769230768
0 0.43149038461538464 0.5336538461538461 0.036057692307692304 0.06370192307692307
0 0.40024038461538464 0.41947115384615385 0.018028846153846152 0.025240384615384616
0 0.4495192307692308 0.4387019230769231 0.018028846153846152 0.026442307692307692
0 0.4338942307692308 0.41586538461538464 0.014423076923076924 0.020432692307692308
0 0.45913461538461536 0.4182692307692308 0.016826923076923076 0.02403846153846154
0 0.44350961538461536 0.3942307692307692 0.01201923076923077 0.015625
0 0.42908653846153844 0.3870192307692308 0.010817307692307692 0.016826923076923076
0 0.47475961538461536 0.3918269230769231 0.01201923076923077 0.015625
0 0.4567307692307692 0.38100961538461536 0.009615384615384616 0.015625
0 0.5456730769230769 0.37740384615384615 0.01201923076923077 0.018028846153846152
0 0.5625 0.37740384615384615 0.008413461538461538 0.014423076923076924
0 0.8557692307692307 0.7403846153846154 0.0985576923076923 0.12139423076923077