0 0.09495192307692307 0.7764423076923077 0.11538461538461539 0.11899038461538461
0 0.29086538461538464 0.9555288461538461 0.1201923076923077 0.0889423076923077
0 0.265625 0.6802884615384616 0.0625 0.09134615384615384
0 0.3425480769230769 0.5528846153846154 0.046875 0.055288461538461536
0 0.33653846153846156 0.4855769230769231 0.030048076923076924 0.038461538461538464
0 0.37259615384615385 0.5108173076923077 0.038461538461538464 0.05048076923076923
0 0.4326923076923077 0.5300480769230769 0.036057692307692304 0.052884615384615384
0 0.3894230769230769 0.43028846153846156 0.019230769230769232 0.030048076923076924
0 0.4182692307692308 0.43990384615384615 0.019230769230769232 0.027644230769230768
0 0.4567307692307692 0.4411057692307692 0.020432692307692308 0.027644230769230768
0 0.43509615384615385 0.4098557692307692 0.016826923076923076 0.025240384615384616
0 0.4326923076923077 0.3858173076923077 0.01201923076923077 0.018028846153846152
0 0.4651442307692308 0.40384615384615385 0.016826923076923076 0.026442307692307692
0 0.453125 0.38461538461538464 0.013221153846153846 0.018028846153846152
1 0.4567307692307692 0.3545673076923077 0.01201923076923077 0.027644230769230768
0 0.47475961538461536 0.38100961538461536 0.01201923076923077 0.016826923076923076
0 0.9459134615384616 0.8774038461538461 0.10697115384615384 0.2091346153846154
0 0.7055288461538461 0.6802884615384616 0.07091346153846154 0.1045673076923077
1 0.5745192307692307 0.5276442307692307 0.040865384615384616 0.07932692307692307
0 0.6550480769230769 0.4963942307692308 0.03485576923076923 0.046875
0 0.6201923076923077 0.4519230769230769 0.025240384615384616 0.036057692307692304
0 0.5961538461538461 0.41466346153846156 0.02283653846153846 0.037259615384615384
0 0.5853365384615384 0.45913461538461536 0.02283653846153846 0.03365384615384615
0 0.5408653846153846 0.4182692307692308 0.019230769230769232 0.028846153846153848
0 0.5600961538461539 0.41225961538461536 0.014423076923076924 0.02403846153846154
0 0.5721153846153846 0.3894230769230769 0.014423076923076924 0.02403846153846154