0 0.18269230769230768 0.6610576923076923 0.07451923076923077 0.0829326923076923
0 0.2608173076923077 0.7127403846153846 0.08413461538461539 0.11057692307692307
0 0.3762019230769231 0.5204326923076923 0.03485576923076923 0.04447115384615385
0 0.43149038461538464 0.5408653846153846 0.036057692307692304 0.052884615384615384
0 0.4098557692307692 0.4543269230769231 0.02403846153846154 0.03245192307692308
0 0.38341346153846156 0.4387019230769231 0.019230769230769232 0.027644230769230768
0 0.45072115384615385 0.4579326923076923 0.026442307692307692 0.038461538461538464
0 0.42427884615384615 0.42908653846153844 0.016826923076923076 0.021634615384615384
0 0.4050480769230769 0.41346153846153844 0.016826923076923076 0.021634615384615384
0 0.46274038461538464 0.4098557692307692 0.015625 0.018028846153846152
0 0.4483173076923077 0.3942307692307692 0.01201923076923077 0.018028846153846152
0 0.4206730769230769 0.3954326923076923 0.01201923076923077 0.016826923076923076
0 0.5564903846153846 0.3942307692307692 0.014423076923076924 0.019230769230769232
1 0.578125 0.4338942307692308 0.02403846153846154 0.04326923076923077
0 0.5961538461538461 0.4230769230769231 0.018028846153846152 0.030048076923076924