0 0.22596153846153846 0.6129807692307693 0.05889423076923077 0.07211538461538461
0 0.30288461538461536 0.6394230769230769 0.0673076923076923 0.08774038461538461
0 0.38822115384615385 0.4987980769230769 0.030048076923076924 0.038461538461538464
0 0.4375 0.515625 0.03245192307692308 0.04326923076923077
0 0.4170673076923077 0.44350961538461536 0.020432692307692308 0.028846153846153848
0 0.39302884615384615 0.43028846153846156 0.018028846153846152 0.026442307692307692
0 0.4098557692307692 0.40865384615384615 0.014423076923076924 0.026442307692307692
0 0.43028846153846156 0.4182692307692308 0.014423076923076924 0.020432692307692308
0 0.45552884615384615 0.44711538461538464 0.02283653846153846 0.03365384615384615
0 0.4639423076923077 0.40384615384615385 0.01201923076923077 0.019230769230769232
0 0.47115384615384615 0.39302884615384615 0.01201923076923077 0.019230769230769232
0 0.4519230769230769 0.3894230769230769 0.01201923076923077 0.018028846153846152
0 0.4579326923076923 0.3737980769230769 0.010817307692307692 0.015625
0 0.42427884615384615 0.390625 0.014423076923076924 0.015625
0 0.546875 0.3786057692307692 0.009615384615384616 0.015625
0 0.5649038461538461 0.4074519230769231 0.014423076923076924 0.021634615384615384
1 0.5961538461538461 0.46274038461538464 0.028846153846153848 0.052884615384615384
0 0.6153846153846154 0.44350961538461536 0.019230769230769232 0.030048076923076924