0 0.04447115384615385 0.8677884615384616 0.08774038461538461 0.1466346153846154
0 0.3004807692307692 0.8810096153846154 0.09375 0.15144230769230768
0 0.2608173076923077 0.5697115384615384 0.05048076923076923 0.06370192307692307
0 0.33413461538461536 0.5877403846153846 0.051682692307692304 0.07692307692307693
0 0.39903846153846156 0.4807692307692308 0.025240384615384616 0.036057692307692304
0 0.4423076923076923 0.4951923076923077 0.027644230769230768 0.037259615384615384
0 0.40024038461538464 0.4182692307692308 0.016826923076923076 0.02403846153846154
0 0.421875 0.43149038461538464 0.019230769230769232 0.025240384615384616
0 0.4579326923076923 0.43509615384615385 0.021634615384615384 0.030048076923076924
0 0.41586538461538464 0.4026442307692308 0.014423076923076924 0.018028846153846152
0 0.43509615384615385 0.41346153846153844 0.014423076923076924 0.018028846153846152
0 0.46634615384615385 0.40024038461538464 0.01201923076923077 0.019230769230769232
0 0.4543269230769231 0.3858173076923077 0.01201923076923077 0.015625
0 0.43028846153846156 0.3870192307692308 0.01201923076923077 0.016826923076923076
0 0.5252403846153846 0.37740384615384615 0.010817307692307692 0.014423076923076924
0 0.5516826923076923 0.3858173076923077 0.01201923076923077 0.018028846153846152
0 0.5793269230769231 0.4230769230769231 0.019230769230769232 0.021634615384615384
1 0.6286057692307693 0.515625 0.038461538461538464 0.07692307692307693
0 0.6418269230769231 0.47596153846153844 0.027644230769230768 0.042067307692307696