0 0.171875 0.6814903846153846 0.08413461538461539 0.09254807692307693
0 0.37740384615384615 0.6586538461538461 0.051682692307692304 0.07692307692307693
0 0.11177884615384616 0.9459134615384616 0.15625 0.10817307692307693
0 0.30649038461538464 0.5192307692307693 0.037259615384615384 0.05048076923076923
0 0.37259615384615385 0.5216346153846154 0.038461538461538464 0.054086538461538464
0 0.41586538461538464 0.453125 0.020432692307692308 0.03245192307692308
0 0.4495192307692308 0.4639423076923077 0.02403846153846154 0.036057692307692304
0 0.4338942307692308 0.41466346153846156 0.016826923076923076 0.02403846153846154
0 0.46153846153846156 0.4182692307692308 0.019230769230769232 0.027644230769230768
0 0.41346153846153844 0.4050480769230769 0.013221153846153846 0.019230769230769232
0 0.4699519230769231 0.38822115384615385 0.010817307692307692 0.015625
0 0.46033653846153844 0.3786057692307692 0.009615384615384616 0.015625
0 0.42427884615384615 0.39302884615384615 0.010817307692307692 0.016826923076923076
0 0.5300480769230769 0.39783653846153844 0.013221153846153846 0.020432692307692308
0 0.5637019230769231 0.40625 0.014423076923076924 0.020432692307692308
0 0.6225961538461539 0.4807692307692308 0.030048076923076924 0.04447115384615385
0 0.7704326923076923 0.6298076923076923 0.06610576923076923 0.08774038461538461
1 0.8545673076923077 0.8774038461538461 0.15745192307692307 0.2403846153846154