0 0.04927884615384615 0.8737980769230769 0.09735576923076923 0.1346153846153846
0 0.2800480769230769 0.9278846153846154 0.12980769230769232 0.14302884615384615
0 0.21033653846153846 0.8185096153846154 0.10576923076923077 0.14423076923076922
0 0.21754807692307693 0.6274038461538461 0.06850961538461539 0.07932692307692307
0 0.3954326923076923 0.6057692307692307 0.04567307692307692 0.0625
0 0.3233173076923077 0.5012019230769231 0.03485576923076923 0.042067307692307696
0 0.3858173076923077 0.4987980769230769 0.03485576923076923 0.04567307692307692
0 0.4206730769230769 0.4411057692307692 0.019230769230769232 0.027644230769230768
0 0.4519230769230769 0.4543269230769231 0.02403846153846154 0.028846153846153848
0 0.4387019230769231 0.4074519230769231 0.014423076923076924 0.020432692307692308
0 0.4639423076923077 0.41346153846153844 0.016826923076923076 0.028846153846153848
0 0.4182692307692308 0.4014423076923077 0.013221153846153846 0.019230769230769232
0 0.42908653846153844 0.38822115384615385 0.01201923076923077 0.018028846153846152
0 0.47115384615384615 0.3858173076923077 0.009615384615384616 0.015625
0 0.5348557692307693 0.4110576923076923 0.014423076923076924 0.027644230769230768
0 0.5697115384615384 0.4206730769230769 0.015625 0.02403846153846154
1 0.5733173076923077 0.37259615384615385 0.025240384615384616 0.05889423076923077
0 0.6610576923076923 0.5300480769230769 0.040865384615384616 0.054086538461538464
0 0.9495192307692307 0.8677884615384616 0.10096153846153846 0.1971153846153846