0 0.1201923076923077 0.7572115384615384 0.10336538461538461 0.10576923076923077
0 0.27403846153846156 0.6983173076923077 0.07692307692307693 0.10336538461538461
0 0.34134615384615385 0.7800480769230769 0.08653846153846154 0.11778846153846154
0 0.2536057692307692 0.5841346153846154 0.056490384615384616 0.06129807692307692
0 0.4110576923076923 0.5637019230769231 0.036057692307692304 0.06009615384615385
0 0.33774038461538464 0.48197115384615385 0.030048076923076924 0.042067307692307696
0 0.39903846153846156 0.47836538461538464 0.030048076923076924 0.04447115384615385
0 0.4254807692307692 0.43149038461538464 0.016826923076923076 0.026442307692307692
0 0.4567307692307692 0.4411057692307692 0.020432692307692308 0.026442307692307692
0 0.4230769230769231 0.39302884615384615 0.01201923076923077 0.016826923076923076
0 0.4411057692307692 0.40024038461538464 0.01201923076923077 0.020432692307692308
0 0.4651442307692308 0.4050480769230769 0.015625 0.02403846153846154
0 0.4735576923076923 0.38100961538461536 0.01201923076923077 0.016826923076923076
0 0.5432692307692307 0.43149038461538464 0.018028846153846152 0.027644230769230768
1 0.5793269230769231 0.37740384615384615 0.027644230769230768 0.06610576923076923
0 0.5829326923076923 0.4411057692307692 0.02283653846153846 0.03365384615384615
0 0.7403846153846154 0.6286057692307693 0.06610576923076923 0.08653846153846154