0 0.17908653846153846 0.6850961538461539 0.07932692307692307 0.0829326923076923
0 0.3125 0.6310096153846154 0.06129807692307692 0.08173076923076923
0 0.375 0.6826923076923077 0.06610576923076923 0.09254807692307693
0 0.28125 0.5516826923076923 0.04807692307692308 0.051682692307692304
0 0.34975961538461536 0.4699519230769231 0.026442307692307692 0.03365384615384615
0 0.4206730769230769 0.5336538461538461 0.030048076923076924 0.04447115384615385
0 0.40625 0.4651442307692308 0.025240384615384616 0.03485576923076923
0 0.43028846153846156 0.421875 0.014423076923076924 0.021634615384615384
0 0.45913461538461536 0.43149038461538464 0.016826923076923076 0.026442307692307692
0 0.44471153846153844 0.3954326923076923 0.010817307692307692 0.021634615384615384
0 0.4266826923076923 0.390625 0.010817307692307692 0.018028846153846152
0 0.4675480769230769 0.4014423076923077 0.014423076923076924 0.021634615384615384
0 0.4362980769230769 0.38221153846153844 0.010817307692307692 0.014423076923076924
0 0.5516826923076923 0.3918269230769231 0.01201923076923077 0.019230769230769232
1 0.5865384615384616 0.38461538461538464 0.030048076923076924 0.06971153846153846
0 0.5516826923076923 0.4579326923076923 0.019230769230769232 0.03365384615384615
0 0.5961538461538461 0.4651442307692308 0.025240384615384616 0.037259615384615384
0 0.9122596153846154 0.8485576923076923 0.1310096153846154 0.18629807692307693