0 0.2247596153846154 0.6298076923076923 0.06370192307692307 0.0733173076923077
0 0.30408653846153844 0.5276442307692307 0.040865384615384616 0.04567307692307692
0 0.3401442307692308 0.5769230769230769 0.05048076923076923 0.06370192307692307
0 0.39903846153846156 0.6153846153846154 0.052884615384615384 0.0733173076923077
0 0.43028846153846156 0.5072115384615384 0.030048076923076924 0.04326923076923077
0 0.36177884615384615 0.4579326923076923 0.025240384615384616 0.03365384615384615
0 0.41586538461538464 0.4483173076923077 0.021634615384615384 0.036057692307692304
0 0.43509615384615385 0.41346153846153844 0.016826923076923076 0.02403846153846154
0 0.46153846153846156 0.4254807692307692 0.019230769230769232 0.025240384615384616
0 0.4699519230769231 0.39663461538461536 0.014423076923076924 0.02403846153846154
0 0.4483173076923077 0.3894230769230769 0.013221153846153846 0.018028846153846152
0 0.43149038461538464 0.3858173076923077 0.01201923076923077 0.014423076923076924
0 0.47716346153846156 0.3762019230769231 0.009615384615384616 0.015625
0 0.5240384615384616 0.37259615384615385 0.010817307692307692 0.019230769230769232
0 0.5432692307692307 0.3713942307692308 0.010817307692307692 0.016826923076923076
0 0.5552884615384616 0.40024038461538464 0.010817307692307692 0.026442307692307692
1 0.5985576923076923 0.3954326923076923 0.037259615384615384 0.0829326923076923
0 0.5685096153846154 0.5096153846153846 0.030048076923076924 0.04807692307692308
0 0.6213942307692307 0.5072115384615384 0.03245192307692308 0.04567307692307692