0 0.05889423076923077 0.8161057692307693 0.11538461538461539 0.15384615384615385
0 0.25240384615384615 0.7199519230769231 0.07692307692307693 0.0985576923076923
0 0.2848557692307692 0.5564903846153846 0.04447115384615385 0.051682692307692304
0 0.33774038461538464 0.4879807692307692 0.03245192307692308 0.038461538461538464
0 0.37740384615384615 0.5120192307692307 0.03365384615384615 0.046875
0 0.4254807692307692 0.5324519230769231 0.037259615384615384 0.051682692307692304
0 0.3786057692307692 0.43509615384615385 0.016826923076923076 0.03245192307692308
0 0.4266826923076923 0.43028846153846156 0.019230769230769232 0.028846153846153848
0 0.4411057692307692 0.4735576923076923 0.02283653846153846 0.03365384615384615
0 0.4639423076923077 0.4110576923076923 0.016826923076923076 0.021634615384615384
0 0.44350961538461536 0.40024038461538464 0.014423076923076924 0.018028846153846152
0 0.4375 0.3798076923076923 0.01201923076923077 0.018028846153846152
0 0.4543269230769231 0.3786057692307692 0.009615384615384616 0.018028846153846152
0 0.4735576923076923 0.3858173076923077 0.01201923076923077 0.019230769230769232
0 0.5288461538461539 0.38822115384615385 0.009615384615384616 0.018028846153846152
0 0.5480769230769231 0.38221153846153844 0.01201923076923077 0.018028846153846152
0 0.5721153846153846 0.43028846153846156 0.016826923076923076 0.030048076923076924
1 0.6298076923076923 0.42788461538461536 0.054086538461538464 0.11658653846153846
0 0.6694711538461539 0.7884615384615384 0.08533653846153846 0.15144230769230768
0 0.7451923076923077 0.7247596153846154 0.07692307692307693 0.12139423076923077