0 0.13221153846153846 0.7199519230769231 0.10096153846153846 0.11899038461538461
0 0.2956730769230769 0.6454326923076923 0.05889423076923077 0.07692307692307693
0 0.30649038461538464 0.5324519230769231 0.038461538461538464 0.04807692307692308
0 0.34975961538461536 0.47475961538461536 0.030048076923076924 0.036057692307692304
0 0.3894230769230769 0.49158653846153844 0.030048076923076924 0.038461538461538464
0 0.43509615384615385 0.5084134615384616 0.03365384615384615 0.042067307692307696
0 0.3870192307692308 0.42788461538461536 0.019230769230769232 0.021634615384615384
0 0.43149038461538464 0.4206730769230769 0.020432692307692308 0.025240384615384616
0 0.44471153846153844 0.46033653846153844 0.021634615384615384 0.03245192307692308
0 0.4411057692307692 0.3737980769230769 0.009615384615384616 0.015625
0 0.44711538461538464 0.3954326923076923 0.013221153846153846 0.016826923076923076
0 0.46274038461538464 0.4074519230769231 0.015625 0.019230769230769232
0 0.47475961538461536 0.38221153846153844 0.014423076923076924 0.018028846153846152
0 0.5324519230769231 0.40024038461538464 0.01201923076923077 0.021634615384615384
0 0.5516826923076923 0.390625 0.013221153846153846 0.018028846153846152
0 0.5853365384615384 0.453125 0.020432692307692308 0.037259615384615384
1 0.6550480769230769 0.4519230769230769 0.07211538461538461 0.14423076923076922