0 0.13581730769230768 0.9086538461538461 0.16105769230769232 0.1814903846153846
0 0.19591346153846154 0.6442307692307693 0.08173076923076923 0.09495192307692307
0 0.3269230769230769 0.5889423076923077 0.05048076923076923 0.06370192307692307
0 0.3233173076923077 0.5108173076923077 0.03245192307692308 0.04447115384615385
0 0.3629807692307692 0.46153846153846156 0.025240384615384616 0.03245192307692308
0 0.40024038461538464 0.47115384615384615 0.026442307692307692 0.038461538461538464
0 0.4423076923076923 0.484375 0.028846153846153848 0.040865384615384616
0 0.4483173076923077 0.4495192307692308 0.019230769230769232 0.028846153846153848
0 0.3942307692307692 0.4206730769230769 0.018028846153846152 0.025240384615384616
0 0.43509615384615385 0.41346153846153844 0.015625 0.026442307692307692
0 0.46634615384615385 0.4026442307692308 0.013221153846153846 0.020432692307692308
0 0.4519230769230769 0.3894230769230769 0.01201923076923077 0.016826923076923076
0 0.44471153846153844 0.37259615384615385 0.009615384615384616 0.015625
0 0.47596153846153844 0.3786057692307692 0.010817307692307692 0.019230769230769232
0 0.46153846153846156 0.3762019230769231 0.009615384615384616 0.015625
0 0.5252403846153846 0.37259615384615385 0.010817307692307692 0.015625
0 0.5576923076923077 0.4014423076923077 0.014423076923076924 0.019230769230769232
0 0.5372596153846154 0.4170673076923077 0.014423076923076924 0.02403846153846154
0 0.6021634615384616 0.484375 0.028846153846153848 0.052884615384615384
1 0.6935096153846154 0.4891826923076923 0.09975961538461539 0.1875