0 0.05889423076923077 0.8016826923076923 0.11298076923076923 0.125
0 0.265625 0.6971153846153846 0.08653846153846154 0.09975961538461539
0 0.2704326923076923 0.5637019230769231 0.052884615384615384 0.06850961538461539
0 0.3701923076923077 0.5216346153846154 0.03365384615384615 0.04567307692307692
0 0.35216346153846156 0.47716346153846156 0.028846153846153848 0.03485576923076923
0 0.38100961538461536 0.4411057692307692 0.02283653846153846 0.028846153846153848
0 0.4170673076923077 0.44471153846153844 0.021634615384615384 0.03365384615384615
0 0.45072115384615385 0.4543269230769231 0.021634615384615384 0.03365384615384615
0 0.4050480769230769 0.4074519230769231 0.014423076923076924 0.020432692307692308
0 0.4567307692307692 0.43028846153846156 0.014423076923076924 0.020432692307692308
0 0.44350961538461536 0.39903846153846156 0.01201923076923077 0.02403846153846154
0 0.47115384615384615 0.39302884615384615 0.013221153846153846 0.016826923076923076
0 0.4579326923076923 0.3786057692307692 0.009615384615384616 0.016826923076923076
0 0.4795673076923077 0.3737980769230769 0.010817307692307692 0.018028846153846152
0 0.5276442307692307 0.390625 0.01201923076923077 0.020432692307692308
0 0.5420673076923077 0.3737980769230769 0.009615384615384616 0.018028846153846152
1 0.5733173076923077 0.3737980769230769 0.02283653846153846 0.05048076923076923
0 0.5721153846153846 0.43028846153846156 0.019230769230769232 0.028846153846153848
0 0.5540865384615384 0.4699519230769231 0.02403846153846154 0.036057692307692304
0 0.6850961538461539 0.6262019230769231 0.056490384615384616 0.10697115384615384
1 0.8701923076923077 0.6790865384615384 0.25961538461538464 0.46634615384615385