0 0.13341346153846154 0.7103365384615384 0.08533653846153846 0.09615384615384616
0 0.3004807692307692 0.6322115384615384 0.06850961538461539 0.078125
0 0.29447115384615385 0.5336538461538461 0.04447115384615385 0.06009615384615385
0 0.38341346153846156 0.5012019230769231 0.03245192307692308 0.04567307692307692
0 0.3629807692307692 0.4639423076923077 0.025240384615384616 0.03365384615384615
0 0.38822115384615385 0.4338942307692308 0.021634615384615384 0.026442307692307692
0 0.4206730769230769 0.43509615384615385 0.020432692307692308 0.027644230769230768
0 0.4543269230769231 0.44471153846153844 0.021634615384615384 0.027644230769230768
0 0.45913461538461536 0.4230769230769231 0.01201923076923077 0.02403846153846154
0 0.4110576923076923 0.4026442307692308 0.014423076923076924 0.019230769230769232
0 0.44591346153846156 0.3942307692307692 0.01201923076923077 0.021634615384615384
0 0.4723557692307692 0.390625 0.010817307692307692 0.019230769230769232
0 0.46033653846153844 0.3762019230769231 0.009615384615384616 0.016826923076923076
0 0.4807692307692308 0.3713942307692308 0.009615384615384616 0.018028846153846152
1 0.5264423076923077 0.359375 0.01201923076923077 0.027644230769230768
0 0.53125 0.4026442307692308 0.01201923076923077 0.026442307692307692
1 0.5793269230769231 0.38100961538461536 0.02403846153846154 0.06009615384615385
0 0.5817307692307693 0.4495192307692308 0.02283653846153846 0.03245192307692308
0 0.5685096153846154 0.5180288461538461 0.030048076923076924 0.05048076923076923
0 0.7944711538461539 0.8100961538461539 0.10817307692307693 0.19591346153846154