0 0.18269230769230768 0.8737980769230769 0.12860576923076922 0.1622596153846154
0 0.3293269230769231 0.8581730769230769 0.09495192307692307 0.14302884615384615
0 0.19110576923076922 0.6430288461538461 0.06850961538461539 0.07451923076923077
0 0.3293269230769231 0.5865384615384616 0.05889423076923077 0.06490384615384616
0 0.3161057692307692 0.5096153846153846 0.037259615384615384 0.05048076923076923
0 0.37259615384615385 0.4519230769230769 0.02283653846153846 0.027644230769230768
0 0.39302884615384615 0.47836538461538464 0.028846153846153848 0.03485576923076923
0 0.3942307692307692 0.4254807692307692 0.021634615384615384 0.026442307692307692
0 0.42788461538461536 0.42427884615384615 0.019230769230769232 0.028846153846153848
0 0.41586538461538464 0.39663461538461536 0.01201923076923077 0.020432692307692308
0 0.45913461538461536 0.4338942307692308 0.021634615384615384 0.027644230769230768
0 0.46033653846153844 0.41586538461538464 0.013221153846153846 0.020432692307692308
0 0.4495192307692308 0.38822115384615385 0.01201923076923077 0.020432692307692308
0 0.47596153846153844 0.38461538461538464 0.010817307692307692 0.020432692307692308
1 0.5276442307692307 0.36177884615384615 0.01201923076923077 0.03245192307692308
0 0.5336538461538461 0.41947115384615385 0.018028846153846152 0.030048076923076924
1 0.5853365384615384 0.3870192307692308 0.027644230769230768 0.0625
0 0.5985576923076923 0.4807692307692308 0.028846153846153848 0.040865384615384616
0 0.5973557692307693 0.6177884615384616 0.04326923076923077 0.07692307692307693