0 0.038461538461538464 0.9074519230769231 0.07451923076923077 0.15985576923076922
0 0.22235576923076922 0.7932692307692307 0.1045673076923077 0.13221153846153846
0 0.21153846153846154 0.6394230769230769 0.07211538461538461 0.078125
0 0.31009615384615385 0.5745192307692307 0.039663461538461536 0.06129807692307692
0 0.38221153846153844 0.6911057692307693 0.06610576923076923 0.09975961538461539
0 0.3870192307692308 0.5096153846153846 0.039663461538461536 0.051682692307692304
0 0.3605769230769231 0.46153846153846156 0.025240384615384616 0.037259615384615384
0 0.390625 0.4735576923076923 0.030048076923076924 0.038461538461538464
0 0.44591346153846156 0.4831730769230769 0.028846153846153848 0.04326923076923077
0 0.4014423076923077 0.4182692307692308 0.018028846153846152 0.025240384615384616
0 0.42788461538461536 0.4230769230769231 0.016826923076923076 0.02403846153846154
0 0.46274038461538464 0.421875 0.016826923076923076 0.028846153846153848
0 0.4423076923076923 0.39903846153846156 0.016826923076923076 0.025240384615384616
0 0.47115384615384615 0.3918269230769231 0.014423076923076924 0.026442307692307692
0 0.5264423076923077 0.38100961538461536 0.01201923076923077 0.021634615384615384
0 0.5552884615384616 0.39783653846153844 0.013221153846153846 0.02403846153846154
0 0.5829326923076923 0.4026442307692308 0.016826923076923076 0.025240384615384616
0 0.5444711538461539 0.4230769230769231 0.019230769230769232 0.027644230769230768
0 0.5564903846153846 0.46634615384615385 0.025240384615384616 0.04326923076923077
0 0.5769230769230769 0.44350961538461536 0.020432692307692308 0.030048076923076924
1 0.6189903846153846 0.44350961538461536 0.030048076923076924 0.04807692307692308
0 0.6634615384615384 0.5048076923076923 0.03365384615384615 0.054086538461538464
0 0.6334134615384616 0.5480769230769231 0.040865384615384616 0.056490384615384616
0 0.734375 0.5949519230769231 0.055288461538461536 0.07932692307692307
1 0.6742788461538461 0.8245192307692307 0.10817307692307693 0.234375