0 0.14903846153846154 0.7163461538461539 0.09254807692307693 0.0985576923076923
0 0.28966346153846156 0.6790865384615384 0.07211538461538461 0.09975961538461539
0 0.39783653846153844 0.6322115384615384 0.052884615384615384 0.0733173076923077
0 0.25841346153846156 0.5649038461538461 0.04567307692307692 0.055288461538461536
0 0.36538461538461536 0.5216346153846154 0.040865384615384616 0.05048076923076923
0 0.34615384615384615 0.47716346153846156 0.030048076923076924 0.04326923076923077
0 0.3894230769230769 0.4338942307692308 0.019230769230769232 0.026442307692307692
0 0.41346153846153844 0.4495192307692308 0.021634615384615384 0.027644230769230768
0 0.40625 0.4110576923076923 0.015625 0.019230769230769232
0 0.4254807692307692 0.3870192307692308 0.01201923076923077 0.016826923076923076
0 0.4362980769230769 0.4098557692307692 0.014423076923076924 0.021634615384615384
0 0.4639423076923077 0.41586538461538464 0.016826923076923076 0.02403846153846154
0 0.45552884615384615 0.3798076923076923 0.01201923076923077 0.018028846153846152
0 0.47716346153846156 0.37740384615384615 0.009615384615384616 0.015625
1 0.53125 0.3762019230769231 0.013221153846153846 0.037259615384615384
0 0.5552884615384616 0.3918269230769231 0.010817307692307692 0.019230769230769232
0 0.5612980769230769 0.41586538461538464 0.014423076923076924 0.02403846153846154
0 0.578125 0.39903846153846156 0.013221153846153846 0.019230769230769232
1 0.6033653846153846 0.4074519230769231 0.038461538461538464 0.0829326923076923
0 0.5528846153846154 0.47596153846153844 0.021634615384615384 0.03365384615384615
0 0.6670673076923077 0.6081730769230769 0.056490384615384616 0.0829326923076923