1 0.08653846153846154 0.9158653846153846 0.17307692307692307 0.16826923076923078
0 0.203125 0.6526442307692307 0.07211538461538461 0.07932692307692307
0 0.31850961538461536 0.6225961538461539 0.057692307692307696 0.07692307692307693
0 0.28125 0.5408653846153846 0.040865384615384616 0.054086538461538464
0 0.41586538461538464 0.578125 0.042067307692307696 0.06129807692307692
0 0.3762019230769231 0.5024038461538461 0.037259615384615384 0.04447115384615385
1 0.359375 0.4639423076923077 0.028846153846153848 0.038461538461538464
0 0.41947115384615385 0.43990384615384615 0.016826923076923076 0.028846153846153848
0 0.3954326923076923 0.4254807692307692 0.020432692307692308 0.021634615384615384
0 0.4110576923076923 0.40625 0.015625 0.020432692307692308
0 0.42908653846153844 0.38341346153846156 0.009615384615384616 0.016826923076923076
0 0.4387019230769231 0.4026442307692308 0.014423076923076924 0.020432692307692308
0 0.4675480769230769 0.4098557692307692 0.014423076923076924 0.019230769230769232
1 0.5348557692307693 0.38461538461538464 0.016826923076923076 0.042067307692307696
1 0.6165865384615384 0.41947115384615385 0.04567307692307692 0.09495192307692307
0 0.5588942307692307 0.40024038461538464 0.013221153846153846 0.020432692307692308
0 0.5649038461538461 0.3786057692307692 0.010817307692307692 0.015625
0 0.5853365384615384 0.40865384615384615 0.013221153846153846 0.020432692307692308
0 0.5709134615384616 0.43149038461538464 0.020432692307692308 0.026442307692307692
0 0.5685096153846154 0.5228365384615384 0.03125 0.051682692307692304
0 0.7584134615384616 0.7680288461538461 0.09615384615384616 0.14423076923076922