1 0.18509615384615385 0.7908653846153846 0.12620192307692307 0.16947115384615385
0 0.30288461538461536 0.9362980769230769 0.10216346153846154 0.12740384615384615
0 0.24519230769230768 0.6033653846153846 0.05889423076923077 0.06370192307692307
0 0.3401442307692308 0.5817307692307693 0.05048076923076923 0.06490384615384616
0 0.3016826923076923 0.5168269230769231 0.037259615384615384 0.04567307692307692
0 0.42788461538461536 0.5372596153846154 0.03245192307692308 0.046875
0 0.38822115384615385 0.484375 0.03485576923076923 0.042067307692307696
0 0.3713942307692308 0.4519230769230769 0.026442307692307692 0.03365384615384615
0 0.4026442307692308 0.41947115384615385 0.016826923076923076 0.025240384615384616
0 0.41586538461538464 0.40024038461538464 0.014423076923076924 0.018028846153846152
0 0.4266826923076923 0.42788461538461536 0.019230769230769232 0.021634615384615384
0 0.4326923076923077 0.38100961538461536 0.009615384615384616 0.015625
0 0.4423076923076923 0.39663461538461536 0.013221153846153846 0.021634615384615384
0 0.46875 0.40384615384615385 0.016826923076923076 0.020432692307692308
0 0.46033653846153844 0.37259615384615385 0.010817307692307692 0.015625
0 0.4807692307692308 0.37259615384615385 0.009615384615384616 0.015625
0 0.5240384615384616 0.37740384615384615 0.009615384615384616 0.016826923076923076
1 0.5384615384615384 0.39663461538461536 0.018028846153846152 0.05048076923076923
0 0.5697115384615384 0.38221153846153844 0.01201923076923077 0.018028846153846152
0 0.5649038461538461 0.41586538461538464 0.014423076923076924 0.021634615384615384
0 0.5949519230769231 0.421875 0.015625 0.021634615384615384
0 0.5829326923076923 0.4543269230769231 0.02283653846153846 0.030048076923076924
1 0.6358173076923077 0.43990384615384615 0.057692307692307696 0.11538461538461539
0 0.6009615384615384 0.6286057692307693 0.052884615384615384 0.09014423076923077