1 0.2439903846153846 0.703125 0.09014423076923077 0.14423076923076922
0 0.3545673076923077 0.7740384615384616 0.07451923076923077 0.11778846153846154
0 0.27163461538461536 0.5709134615384616 0.05048076923076923 0.052884615384615384
0 0.359375 0.5480769230769231 0.042067307692307696 0.052884615384615384
0 0.31850961538461536 0.5012019230769231 0.03245192307692308 0.04326923076923077
0 0.39783653846153844 0.47115384615384615 0.030048076923076924 0.038461538461538464
0 0.3786057692307692 0.4423076923076923 0.02403846153846154 0.03245192307692308
0 0.4375 0.5084134615384616 0.030048076923076924 0.042067307692307696
0 0.4074519230769231 0.41346153846153844 0.014423076923076924 0.020432692307692308
0 0.4326923076923077 0.4206730769230769 0.016826923076923076 0.02403846153846154
0 0.4206730769230769 0.39663461538461536 0.015625 0.018028846153846152
0 0.4362980769230769 0.3786057692307692 0.009615384615384616 0.015625
0 0.44471153846153844 0.39302884615384615 0.01201923076923077 0.019230769230769232
0 0.47115384615384615 0.39903846153846156 0.016826923076923076 0.019230769230769232
1 0.5432692307692307 0.4170673076923077 0.020432692307692308 0.06129807692307692
0 0.5264423076923077 0.3858173076923077 0.010817307692307692 0.019230769230769232
0 0.5733173076923077 0.4326923076923077 0.018028846153846152 0.028846153846153848
0 0.6069711538461539 0.4362980769230769 0.019230769230769232 0.026442307692307692
0 0.5745192307692307 0.390625 0.010817307692307692 0.016826923076923076
0 0.6021634615384616 0.49038461538461536 0.030048076923076924 0.036057692307692304
1 0.6586538461538461 0.4651442307692308 0.07211538461538461 0.14182692307692307
0 0.6850961538461539 0.8822115384615384 0.10576923076923077 0.19831730769230768