0 0.07572115384615384 0.8149038461538461 0.12379807692307693 0.13341346153846154
1 0.28725961538461536 0.6298076923076923 0.06850961538461539 0.109375
0 0.2956730769230769 0.5408653846153846 0.04326923076923077 0.051682692307692304
0 0.38822115384615385 0.6610576923076923 0.054086538461538464 0.0829326923076923
0 0.37259615384615385 0.5240384615384616 0.037259615384615384 0.04447115384615385
0 0.33533653846153844 0.4855769230769231 0.03125 0.036057692307692304
0 0.4050480769230769 0.4579326923076923 0.027644230769230768 0.03365384615384615
0 0.38822115384615385 0.4338942307692308 0.021634615384615384 0.03245192307692308
0 0.44350961538461536 0.48197115384615385 0.025240384615384616 0.036057692307692304
0 0.41346153846153844 0.4050480769230769 0.016826923076923076 0.019230769230769232
0 0.42427884615384615 0.3918269230769231 0.014423076923076924 0.02403846153846154
0 0.4375 0.41346153846153844 0.016826923076923076 0.020432692307692308
0 0.4483173076923077 0.3894230769230769 0.01201923076923077 0.019230769230769232
0 0.4735576923076923 0.39302884615384615 0.013221153846153846 0.019230769230769232
0 0.5288461538461539 0.39783653846153844 0.014423076923076924 0.020432692307692308
0 0.5817307692307693 0.39783653846153844 0.014423076923076924 0.020432692307692308
1 0.5516826923076923 0.4375 0.027644230769230768 0.07211538461538461
0 0.5865384615384616 0.4567307692307692 0.02403846153846154 0.03365384615384615
0 0.6225961538461539 0.45552884615384615 0.02403846153846154 0.030048076923076924
0 0.6370192307692307 0.5516826923076923 0.04447115384615385 0.055288461538461536
1 0.6971153846153846 0.5048076923076923 0.09975961538461539 0.18509615384615385