0 0.15985576923076922 0.7103365384615384 0.0889423076923077 0.09254807692307693
1 0.31490384615384615 0.5865384615384616 0.057692307692307696 0.0889423076923077
0 0.2980769230769231 0.9387019230769231 0.11057692307692307 0.12259615384615384
0 0.3137019230769231 0.5216346153846154 0.038461538461538464 0.04326923076923077
0 0.4074519230769231 0.5985576923076923 0.04447115384615385 0.06610576923076923
0 0.38461538461538464 0.5024038461538461 0.03245192307692308 0.038461538461538464
0 0.3473557692307692 0.47115384615384615 0.025240384615384616 0.03245192307692308
0 0.4110576923076923 0.44711538461538464 0.02403846153846154 0.027644230769230768
0 0.3942307692307692 0.4266826923076923 0.019230769230769232 0.030048076923076924
0 0.4483173076923077 0.46274038461538464 0.02283653846153846 0.028846153846153848
0 0.4170673076923077 0.4026442307692308 0.01201923076923077 0.020432692307692308
0 0.4411057692307692 0.4050480769230769 0.014423076923076924 0.020432692307692308
0 0.45072115384615385 0.38461538461538464 0.01201923076923077 0.016826923076923076
0 0.47596153846153844 0.390625 0.014423076923076924 0.018028846153846152
0 0.4411057692307692 0.37259615384615385 0.009615384615384616 0.015625
0 0.46634615384615385 0.36538461538461536 0.008413461538461538 0.014423076923076924
0 0.484375 0.36658653846153844 0.008413461538461538 0.014423076923076924
0 0.5240384615384616 0.38221153846153844 0.009615384615384616 0.016826923076923076
0 0.5336538461538461 0.4098557692307692 0.016826923076923076 0.021634615384615384
1 0.5637019230769231 0.4735576923076923 0.036057692307692304 0.10336538461538461
0 0.5901442307692307 0.4110576923076923 0.014423076923076924 0.021634615384615384
0 0.6045673076923077 0.49038461538461536 0.027644230769230768 0.04567307692307692
0 0.6418269230769231 0.4807692307692308 0.027644230769230768 0.040865384615384616
1 0.7764423076923077 0.5600961538461539 0.10576923076923077 0.24639423076923078
0 0.6971153846153846 0.65625 0.06610576923076923 0.08413461538461539