0 0.14903846153846154 0.9242788461538461 0.13341346153846154 0.15144230769230768
0 0.21875 0.6382211538461539 0.06850961538461539 0.07692307692307693
0 0.35216346153846156 0.7800480769230769 0.07932692307692307 0.12259615384615384
1 0.33774038461538464 0.5528846153846154 0.04927884615384615 0.078125
0 0.3293269230769231 0.5012019230769231 0.03245192307692308 0.042067307692307696
0 0.3581730769230769 0.46153846153846156 0.02403846153846154 0.03365384615384615
0 0.3942307692307692 0.4855769230769231 0.027644230769230768 0.03485576923076923
0 0.421875 0.5528846153846154 0.036057692307692304 0.055288461538461536
0 0.41466346153846156 0.4362980769230769 0.021634615384615384 0.027644230769230768
0 0.40024038461538464 0.4170673076923077 0.019230769230769232 0.027644230769230768
0 0.453125 0.4495192307692308 0.021634615384615384 0.026442307692307692
0 0.44471153846153844 0.4026442307692308 0.014423076923076924 0.019230769230769232
0 0.47836538461538464 0.3870192307692308 0.014423076923076924 0.019230769230769232
0 0.43149038461538464 0.3858173076923077 0.010817307692307692 0.016826923076923076
0 0.453125 0.3798076923076923 0.01201923076923077 0.018028846153846152
0 0.5264423076923077 0.39302884615384615 0.01201923076923077 0.019230769230769232
0 0.5372596153846154 0.43028846153846156 0.019230769230769232 0.026442307692307692
0 0.5661057692307693 0.38100961538461536 0.014423076923076924 0.016826923076923076
0 0.6009615384615384 0.4230769230769231 0.016826923076923076 0.021634615384615384
1 0.5913461538461539 0.5420673076923077 0.055288461538461536 0.14903846153846154
0 0.6382211538461539 0.5456730769230769 0.038461538461538464 0.05889423076923077
0 0.6742788461538461 0.5204326923076923 0.03485576923076923 0.05048076923076923
1 0.8641826923076923 0.6838942307692307 0.25841346153846156 0.43509615384615385
0 0.8725961538461539 0.9242788461538461 0.15865384615384615 0.15144230769230768