0 0.06009615384615385 0.8137019230769231 0.11778846153846154 0.12379807692307693
0 0.2692307692307692 0.7019230769230769 0.07451923076923077 0.09014423076923077
0 0.28966346153846156 0.5564903846153846 0.04567307692307692 0.054086538461538464
0 0.4014423076923077 0.609375 0.04807692307692308 0.06610576923076923
1 0.36899038461538464 0.5024038461538461 0.038461538461538464 0.06009615384615385
0 0.35336538461538464 0.47475961538461536 0.021634615384615384 0.028846153846153848
0 0.3762019230769231 0.4411057692307692 0.020432692307692308 0.027644230769230768
0 0.4074519230769231 0.45913461538461536 0.027644230769230768 0.030048076923076924
0 0.4375 0.49038461538461536 0.027644230769230768 0.040865384615384616
0 0.4110576923076923 0.4074519230769231 0.014423076923076924 0.02403846153846154
0 0.4254807692307692 0.421875 0.016826923076923076 0.019230769230769232
0 0.45913461538461536 0.4254807692307692 0.016826923076923076 0.021634615384615384
0 0.4495192307692308 0.390625 0.013221153846153846 0.018028846153846152
0 0.4795673076923077 0.38100961538461536 0.010817307692307692 0.014423076923076924
0 0.5264423076923077 0.3798076923076923 0.01201923076923077 0.018028846153846152
0 0.5348557692307693 0.41947115384615385 0.015625 0.021634615384615384
0 0.5504807692307693 0.3942307692307692 0.009615384615384616 0.015625
0 0.5769230769230769 0.3942307692307692 0.01201923076923077 0.016826923076923076
0 0.5576923076923077 0.49759615384615385 0.027644230769230768 0.04567307692307692
0 0.6322115384615384 0.46274038461538464 0.025240384615384616 0.03485576923076923
0 0.7980769230769231 0.671875 0.07932692307692307 0.1141826923076923