0 0.08653846153846154 0.796875 0.12980769230769232 0.12139423076923077
0 0.27524038461538464 0.6947115384615384 0.07932692307692307 0.10336538461538461
0 0.24879807692307693 0.5997596153846154 0.06009615384615385 0.07091346153846154
0 0.3233173076923077 0.5456730769230769 0.036057692307692304 0.056490384615384616
0 0.40384615384615385 0.6153846153846154 0.054086538461538464 0.078125
0 0.3701923076923077 0.45072115384615385 0.025240384615384616 0.03245192307692308
0 0.4074519230769231 0.4879807692307692 0.036057692307692304 0.037259615384615384
0 0.39903846153846156 0.46153846153846156 0.026442307692307692 0.036057692307692304
0 0.453125 0.46274038461538464 0.02403846153846154 0.036057692307692304
0 0.40625 0.41346153846153844 0.015625 0.026442307692307692
0 0.43149038461538464 0.41586538461538464 0.016826923076923076 0.02403846153846154
0 0.4651442307692308 0.41225961538461536 0.014423076923076924 0.02403846153846154
0 0.5276442307692307 0.38822115384615385 0.014423076923076924 0.020432692307692308
0 0.4735576923076923 0.3870192307692308 0.016826923076923076 0.021634615384615384
0 0.44591346153846156 0.3942307692307692 0.016826923076923076 0.019230769230769232
0 0.5612980769230769 0.40865384615384615 0.016826923076923076 0.028846153846153848
0 0.5913461538461539 0.41225961538461536 0.019230769230769232 0.026442307692307692
0 0.5492788461538461 0.44350961538461536 0.018028846153846152 0.03245192307692308
0 0.5901442307692307 0.4699519230769231 0.026442307692307692 0.04326923076923077
0 0.5697115384615384 0.5024038461538461 0.03245192307692308 0.06009615384615385
1 0.6358173076923077 0.46153846153846156 0.03245192307692308 0.055288461538461536
0 0.6971153846153846 0.5432692307692307 0.04567307692307692 0.06490384615384616
0 0.6814903846153846 0.6322115384615384 0.057692307692307696 0.08413461538461539
0 0.8100961538461539 0.6838942307692307 0.07932692307692307 0.10817307692307693