0 0.14783653846153846 0.7055288461538461 0.09014423076923077 0.09495192307692307
0 0.3004807692307692 0.6418269230769231 0.06009615384615385 0.07091346153846154
0 0.3112980769230769 0.5300480769230769 0.040865384615384616 0.04567307692307692
0 0.41346153846153844 0.5649038461538461 0.038461538461538464 0.056490384615384616
0 0.38221153846153844 0.484375 0.03485576923076923 0.04807692307692308
0 0.3629807692307692 0.46274038461538464 0.020432692307692308 0.030048076923076924
0 0.38221153846153844 0.4326923076923077 0.020432692307692308 0.026442307692307692
0 0.41466346153846156 0.4483173076923077 0.021634615384615384 0.026442307692307692
0 0.44350961538461536 0.4723557692307692 0.025240384615384616 0.03245192307692308
0 0.42788461538461536 0.41346153846153844 0.016826923076923076 0.021634615384615384
0 0.45913461538461536 0.41586538461538464 0.015625 0.019230769230769232
0 0.5288461538461539 0.390625 0.013221153846153846 0.021634615384615384
0 0.5396634615384616 0.4411057692307692 0.018028846153846152 0.026442307692307692
0 0.5552884615384616 0.4050480769230769 0.01201923076923077 0.018028846153846152
0 0.5841346153846154 0.4050480769230769 0.015625 0.020432692307692308
0 0.5805288461538461 0.5661057692307693 0.042067307692307696 0.06370192307692307
0 0.6550480769230769 0.49399038461538464 0.030048076923076924 0.040865384615384616
0 0.9411057692307693 0.8725961538461539 0.11778846153846154 0.19230769230769232
0 0.30649038461538464 0.9206730769230769 0.11538461538461539 0.15865384615384615