1 0.21634615384615385 0.7512019230769231 0.13701923076923078 0.21634615384615385
0 0.25 0.5865384615384616 0.052884615384615384 0.06129807692307692
0 0.3449519230769231 0.5637019230769231 0.04326923076923077 0.051682692307692304
0 0.38461538461538464 0.6766826923076923 0.06129807692307692 0.08653846153846154
0 0.3425480769230769 0.4891826923076923 0.03485576923076923 0.042067307692307696
1 0.40024038461538464 0.45913461538461536 0.028846153846153848 0.046875
0 0.3798076923076923 0.44350961538461536 0.018028846153846152 0.026442307692307692
0 0.3954326923076923 0.421875 0.018028846153846152 0.025240384615384616
0 0.42908653846153844 0.5024038461538461 0.03125 0.038461538461538464
0 0.42427884615384615 0.43028846153846156 0.019230769230769232 0.025240384615384616
0 0.4519230769230769 0.44471153846153844 0.021634615384615384 0.025240384615384616
0 0.5360576923076923 0.4182692307692308 0.019230769230769232 0.025240384615384616
0 0.5757211538461539 0.4411057692307692 0.019230769230769232 0.025240384615384616
0 0.5480769230769231 0.3894230769230769 0.014423076923076924 0.019230769230769232
0 0.5697115384615384 0.3894230769230769 0.014423076923076924 0.019230769230769232
0 0.6057692307692307 0.43149038461538464 0.020432692307692308 0.028846153846153848
0 0.43509615384615385 0.40384615384615385 0.014423076923076924 0.020432692307692308
0 0.4639423076923077 0.4026442307692308 0.016826923076923076 0.018028846153846152
0 0.5649038461538461 0.5288461538461539 0.03245192307692308 0.051682692307692304
0 0.7584134615384616 0.6189903846153846 0.05889423076923077 0.07932692307692307