0 0.23798076923076922 0.7487980769230769 0.08413461538461539 0.11298076923076923
0 0.25600961538461536 0.5961538461538461 0.05889423076923077 0.06971153846153846
1 0.33413461538461536 0.5637019230769231 0.06490384615384616 0.10576923076923077
0 0.3233173076923077 0.4963942307692308 0.03245192307692308 0.030048076923076924
0 0.3858173076923077 0.49759615384615385 0.028846153846153848 0.04447115384615385
0 0.39302884615384615 0.6730769230769231 0.057692307692307696 0.09014423076923077
0 0.42908653846153844 0.5336538461538461 0.03485576923076923 0.05048076923076923
0 0.3762019230769231 0.4483173076923077 0.02403846153846154 0.027644230769230768
1 0.41947115384615385 0.4266826923076923 0.02283653846153846 0.036057692307692304
0 0.39783653846153844 0.42427884615384615 0.014423076923076924 0.026442307692307692
0 0.44591346153846156 0.4495192307692308 0.02403846153846154 0.030048076923076924
0 0.5384615384615384 0.42908653846153844 0.016826923076923076 0.027644230769230768
0 0.5721153846153846 0.4266826923076923 0.018028846153846152 0.026442307692307692
0 0.5901442307692307 0.4170673076923077 0.016826923076923076 0.025240384615384616
0 0.5697115384615384 0.53125 0.03365384615384615 0.054086538461538464
0 0.6766826923076923 0.5168269230769231 0.038461538461538464 0.055288461538461536
0 0.6682692307692307 0.5961538461538461 0.04567307692307692 0.06971153846153846