0 0.08653846153846154 0.9591346153846154 0.14783653846153846 0.08173076923076923
0 0.2824519230769231 0.6694711538461539 0.0673076923076923 0.0889423076923077
0 0.29086538461538464 0.5552884615384616 0.046875 0.056490384615384616
1 0.35336538461538464 0.5348557692307693 0.055288461538461536 0.09735576923076923
0 0.40865384615384615 0.6129807692307693 0.04807692307692308 0.07211538461538461
0 0.33774038461538464 0.484375 0.026442307692307692 0.037259615384615384
0 0.3942307692307692 0.4795673076923077 0.026442307692307692 0.03485576923076923
0 0.4362980769230769 0.5096153846153846 0.03245192307692308 0.04326923076923077
0 0.3858173076923077 0.4411057692307692 0.020432692307692308 0.028846153846153848
0 0.40384615384615385 0.4170673076923077 0.016826923076923076 0.021634615384615384
1 0.42427884615384615 0.4206730769230769 0.021634615384615384 0.037259615384615384
0 0.4495192307692308 0.4375 0.019230769230769232 0.021634615384615384
0 0.4639423076923077 0.40865384615384615 0.013221153846153846 0.020432692307692308
1 0.5649038461538461 0.3701923076923077 0.015625 0.040865384615384616
0 0.546875 0.4579326923076923 0.02283653846153846 0.03245192307692308
0 0.5877403846153846 0.4495192307692308 0.02403846153846154 0.03365384615384615
0 0.6009615384615384 0.43028846153846156 0.021634615384615384 0.025240384615384616
0 0.6009615384615384 0.6358173076923077 0.052884615384615384 0.09134615384615384
0 0.7259615384615384 0.5733173076923077 0.051682692307692304 0.07451923076923077
0 0.7572115384615384 0.7512019230769231 0.07932692307692307 0.11778846153846154