0 0.1935096153846154 0.8221153846153846 0.1045673076923077 0.13581730769230768
1 0.31490384615384615 0.90625 0.1346153846153846 0.1875
0 0.3161057692307692 0.6129807692307693 0.052884615384615384 0.06850961538461539
0 0.3161057692307692 0.5204326923076923 0.038461538461538464 0.046875
1 0.3701923076923077 0.5108173076923077 0.04807692307692308 0.08413461538461539
0 0.4230769230769231 0.5649038461538461 0.038461538461538464 0.05889423076923077
0 0.4014423076923077 0.46274038461538464 0.02283653846153846 0.028846153846153848
0 0.44350961538461536 0.484375 0.028846153846153848 0.03365384615384615
0 0.390625 0.43149038461538464 0.021634615384615384 0.02403846153846154
1 0.43028846153846156 0.41225961538461536 0.018028846153846152 0.03245192307692308
0 0.4543269230769231 0.4254807692307692 0.016826923076923076 0.02403846153846154
0 0.4074519230769231 0.4110576923076923 0.014423076923076924 0.016826923076923076
1 0.5697115384615384 0.37259615384615385 0.018028846153846152 0.040865384615384616
0 0.5528846153846154 0.3918269230769231 0.01201923076923077 0.018028846153846152
0 0.5625 0.5060096153846154 0.030048076923076924 0.046875
0 0.6129807692307693 0.48197115384615385 0.03245192307692308 0.04447115384615385
0 0.8221153846153846 0.6850961538461539 0.08774038461538461 0.11658653846153846
0 0.6971153846153846 0.9170673076923077 0.11778846153846154 0.1658653846153846