0 0.2536057692307692 0.7175480769230769 0.078125 0.10096153846153846
1 0.3629807692307692 0.765625 0.09014423076923077 0.15865384615384615
0 0.33774038461538464 0.5745192307692307 0.04447115384615385 0.05889423076923077
0 0.33653846153846156 0.49759615384615385 0.03365384615384615 0.042067307692307696
1 0.38221153846153844 0.49038461538461536 0.04447115384615385 0.0733173076923077
0 0.43149038461538464 0.5336538461538461 0.03365384615384615 0.05048076923076923
0 0.4098557692307692 0.4519230769230769 0.021634615384615384 0.026442307692307692
0 0.3629807692307692 0.4567307692307692 0.021634615384615384 0.030048076923076924
0 0.39783653846153844 0.4254807692307692 0.019230769230769232 0.021634615384615384
0 0.44591346153846156 0.47115384615384615 0.028846153846153848 0.03365384615384615
1 0.4338942307692308 0.4074519230769231 0.016826923076923076 0.030048076923076924
0 0.4579326923076923 0.41947115384615385 0.014423076923076924 0.021634615384615384
0 0.41225961538461536 0.4074519230769231 0.014423076923076924 0.018028846153846152
0 0.4699519230769231 0.39663461538461536 0.01201923076923077 0.016826923076923076
0 0.5576923076923077 0.4050480769230769 0.014423076923076924 0.020432692307692308
1 0.5721153846153846 0.37740384615384615 0.019230769230769232 0.04326923076923077
0 0.6358173076923077 0.47716346153846156 0.030048076923076924 0.040865384615384616
0 0.6514423076923077 0.5324519230769231 0.040865384615384616 0.052884615384615384
0 0.5889423076923077 0.5841346153846154 0.042067307692307696 0.06490384615384616