0 0.18269230769230768 0.8353365384615384 0.10817307692307693 0.13701923076923078
0 0.31850961538461536 0.9495192307692307 0.11298076923076923 0.09975961538461539
0 0.3233173076923077 0.5961538461538461 0.04927884615384615 0.06490384615384616
1 0.41346153846153844 0.6057692307692307 0.054086538461538464 0.09735576923076923
0 0.3713942307692308 0.5204326923076923 0.03485576923076923 0.04567307692307692
0 0.36538461538461536 0.46274038461538464 0.026442307692307692 0.03485576923076923
0 0.4014423076923077 0.46153846153846156 0.03485576923076923 0.05889423076923077
0 0.44350961538461536 0.48677884615384615 0.025240384615384616 0.037259615384615384
0 0.4543269230769231 0.44350961538461536 0.020432692307692308 0.027644230769230768
0 0.3786057692307692 0.4375 0.015625 0.025240384615384616
0 0.421875 0.4338942307692308 0.016826923076923076 0.021634615384615384
0 0.40865384615384615 0.41225961538461536 0.016826923076923076 0.021634615384615384
0 0.44350961538461536 0.3954326923076923 0.014423076923076924 0.025240384615384616
0 0.46274038461538464 0.40384615384615385 0.01201923076923077 0.019230769230769232
0 0.41947115384615385 0.39903846153846156 0.013221153846153846 0.018028846153846152
1 0.5841346153846154 0.3894230769230769 0.021634615384615384 0.04807692307692308
0 0.5673076923076923 0.38221153846153844 0.010817307692307692 0.018028846153846152
0 0.5769230769230769 0.4411057692307692 0.021634615384615384 0.028846153846153848
0 0.7115384615384616 0.5697115384615384 0.052884615384615384 0.07091346153846154
0 0.8762019230769231 0.8161057692307693 0.11899038461538461 0.16346153846153846