0 0.12139423076923077 0.7379807692307693 0.09495192307692307 0.09975961538461539
0 0.25600961538461536 0.7139423076923077 0.07211538461538461 0.10336538461538461
0 0.36658653846153844 0.8040865384615384 0.0829326923076923 0.12740384615384615
0 0.3449519230769231 0.5600961538461539 0.04326923076923077 0.056490384615384616
1 0.4266826923076923 0.5564903846153846 0.04326923076923077 0.0829326923076923
0 0.38341346153846156 0.5024038461538461 0.03245192307692308 0.04567307692307692
1 0.4110576923076923 0.4495192307692308 0.030048076923076924 0.05889423076923077
0 0.375 0.4519230769230769 0.02283653846153846 0.030048076923076924
0 0.38822115384615385 0.42788461538461536 0.015625 0.021634615384615384
0 0.4495192307692308 0.4699519230769231 0.02403846153846154 0.030048076923076924
0 0.4266826923076923 0.4254807692307692 0.018028846153846152 0.021634615384615384
0 0.45913461538461536 0.43149038461538464 0.019230769230769232 0.025240384615384616
0 0.41225961538461536 0.4074519230769231 0.013221153846153846 0.016826923076923076
0 0.44591346153846156 0.3918269230769231 0.014423076923076924 0.020432692307692308
0 0.4651442307692308 0.39903846153846156 0.013221153846153846 0.019230769230769232
1 0.5901442307692307 0.39663461538461536 0.025240384615384616 0.051682692307692304
0 0.5949519230769231 0.47115384615384615 0.026442307692307692 0.037259615384615384
0 0.7956730769230769 0.6730769230769231 0.07932692307692307 0.09975961538461539