0 0.109375 0.875 0.21875 0.25
0 0.24158653846153846 0.5985576923076923 0.055288461538461536 0.06370192307692307
0 0.3293269230769231 0.5877403846153846 0.04807692307692308 0.06370192307692307
0 0.41346153846153844 0.6225961538461539 0.05048076923076923 0.07692307692307693
0 0.375 0.5096153846153846 0.03245192307692308 0.04447115384615385
0 0.40024038461538464 0.4699519230769231 0.025240384615384616 0.03365384615384615
1 0.4423076923076923 0.4987980769230769 0.03125 0.056490384615384616
1 0.421875 0.42908653846153844 0.02403846153846154 0.046875
0 0.39302884615384615 0.43149038461538464 0.019230769230769232 0.026442307692307692
0 0.45552884615384615 0.44471153846153844 0.019230769230769232 0.025240384615384616
0 0.46274038461538464 0.41466346153846156 0.015625 0.020432692307692308
0 0.4519230769230769 0.38221153846153844 0.01201923076923077 0.020432692307692308
0 0.47115384615384615 0.3870192307692308 0.009615384615384616 0.016826923076923076
0 0.5841346153846154 0.40384615384615385 0.014423076923076924 0.02403846153846154
1 0.6105769230769231 0.4182692307692308 0.03125 0.06850961538461539
0 0.6682692307692307 0.6033653846153846 0.055288461538461536 0.07692307692307693