1 0.20673076923076922 0.7632211538461539 0.1502403846153846 0.23197115384615385
0 0.2764423076923077 0.5588942307692307 0.04567307692307692 0.056490384615384616
0 0.34975961538461536 0.5540865384615384 0.040865384615384616 0.055288461538461536
0 0.4266826923076923 0.5769230769230769 0.040865384615384616 0.06370192307692307
0 0.3858173076923077 0.49399038461538464 0.03125 0.03485576923076923
0 0.4483173076923077 0.4807692307692308 0.028846153846153848 0.052884615384615384
0 0.4074519230769231 0.45913461538461536 0.02283653846153846 0.030048076923076924
1 0.4266826923076923 0.421875 0.02403846153846154 0.042067307692307696
0 0.39903846153846156 0.421875 0.016826923076923076 0.021634615384615384
0 0.45913461538461536 0.43509615384615385 0.015625 0.02403846153846154
0 0.4651442307692308 0.4074519230769231 0.013221153846153846 0.018028846153846152
0 0.5901442307692307 0.41225961538461536 0.016826923076923076 0.02403846153846154
1 0.6225961538461539 0.43149038461538464 0.037259615384615384 0.078125
0 0.7728365384615384 0.7848557692307693 0.10336538461538461 0.15144230769230768
0 0.039663461538461536 0.875 0.07451923076923077 0.1502403846153846