0 0.109375 0.9459134615384616 0.15625 0.10817307692307693
0 0.18629807692307693 0.6598557692307693 0.08413461538461539 0.08173076923076923
1 0.30649038461538464 0.6057692307692307 0.08173076923076923 0.13942307692307693
0 0.32572115384615385 0.5024038461538461 0.03245192307692308 0.040865384615384616
0 0.3786057692307692 0.5024038461538461 0.028846153846153848 0.042067307692307696
0 0.4411057692307692 0.5096153846153846 0.03125 0.04326923076923077
0 0.40384615384615385 0.4675480769230769 0.025240384615384616 0.03365384615384615
0 0.4182692307692308 0.4411057692307692 0.021634615384615384 0.027644230769230768
0 0.4543269230769231 0.4495192307692308 0.021634615384615384 0.036057692307692304
1 0.43509615384615385 0.40865384615384615 0.019230769230769232 0.038461538461538464
0 0.4110576923076923 0.4098557692307692 0.013221153846153846 0.019230769230769232
1 0.4639423076923077 0.4182692307692308 0.016826923076923076 0.020432692307692308
0 0.4699519230769231 0.39663461538461536 0.014423076923076924 0.018028846153846152
0 0.45913461538461536 0.3737980769230769 0.010817307692307692 0.020432692307692308
0 0.47596153846153844 0.37740384615384615 0.009615384615384616 0.01201923076923077
0 0.6117788461538461 0.4387019230769231 0.021634615384615384 0.03245192307692308
1 0.6622596153846154 0.4735576923076923 0.052884615384615384 0.10576923076923077