0 0.21875 0.8016826923076923 0.10697115384615384 0.13701923076923078
0 0.23918269230769232 0.6021634615384616 0.06490384615384616 0.06850961538461539
1 0.33533653846153844 0.5600961538461539 0.06610576923076923 0.1141826923076923
0 0.3449519230769231 0.48197115384615385 0.030048076923076924 0.03365384615384615
0 0.390625 0.4831730769230769 0.027644230769230768 0.036057692307692304
0 0.4098557692307692 0.4567307692307692 0.02283653846153846 0.030048076923076924
0 0.44711538461538464 0.4831730769230769 0.027644230769230768 0.03365384615384615
0 0.4230769230769231 0.43149038461538464 0.019230769230769232 0.02403846153846154
1 0.45913461538461536 0.4387019230769231 0.02403846153846154 0.038461538461538464
1 0.43990384615384615 0.4014423076923077 0.019230769230769232 0.036057692307692304
0 0.41466346153846156 0.40384615384615385 0.013221153846153846 0.016826923076923076
0 0.46634615384615385 0.41225961538461536 0.013221153846153846 0.018028846153846152
0 0.4723557692307692 0.390625 0.010817307692307692 0.019230769230769232
0 0.46033653846153844 0.3713942307692308 0.009615384615384616 0.018028846153846152
0 0.6262019230769231 0.4579326923076923 0.02403846153846154 0.037259615384615384
1 0.6971153846153846 0.5108173076923077 0.07211538461538461 0.12860576923076922