1 0.0829326923076923 0.890625 0.16466346153846154 0.21754807692307693
1 0.33533653846153844 0.8485576923076923 0.10817307692307693 0.21153846153846154
0 0.2764423076923077 0.6971153846153846 0.07932692307692307 0.10096153846153846
0 0.27524038461538464 0.5637019230769231 0.055288461538461536 0.05889423076923077
1 0.3557692307692308 0.5252403846153846 0.056490384615384616 0.0985576923076923
0 0.3581730769230769 0.4651442307692308 0.026442307692307692 0.026442307692307692
0 0.39903846153846156 0.4699519230769231 0.021634615384615384 0.03245192307692308
0 0.41586538461538464 0.4483173076923077 0.020432692307692308 0.026442307692307692
0 0.4519230769230769 0.4675480769230769 0.02403846153846154 0.03245192307692308
0 0.42908653846153844 0.4230769230769231 0.016826923076923076 0.021634615384615384
0 0.46153846153846156 0.4266826923076923 0.019230769230769232 0.027644230769230768
1 0.4423076923076923 0.3954326923076923 0.016826923076923076 0.03245192307692308
0 0.4182692307692308 0.4014423076923077 0.014423076923076924 0.016826923076923076
0 0.46875 0.40625 0.013221153846153846 0.020432692307692308
0 0.6454326923076923 0.4795673076923077 0.030048076923076924 0.042067307692307696
1 0.7463942307692307 0.5625 0.09735576923076923 0.171875