1 0.3762019230769231 0.7151442307692307 0.07932692307692307 0.1466346153846154
0 0.3173076923076923 0.6213942307692307 0.06009615384615385 0.07692307692307693
0 0.30408653846153844 0.5300480769230769 0.04326923076923077 0.04807692307692308
1 0.37259615384615385 0.5012019230769231 0.04807692307692308 0.08052884615384616
0 0.3701923076923077 0.4519230769230769 0.021634615384615384 0.026442307692307692
0 0.4074519230769231 0.4579326923076923 0.02403846153846154 0.028846153846153848
0 0.4543269230769231 0.4543269230769231 0.021634615384615384 0.030048076923076924
0 0.4206730769230769 0.43990384615384615 0.016826923076923076 0.02403846153846154
0 0.4326923076923077 0.41586538461538464 0.014423076923076924 0.019230769230769232
1 0.4639423076923077 0.4206730769230769 0.016826923076923076 0.028846153846153848
1 0.44711538461538464 0.3918269230769231 0.016826923076923076 0.028846153846153848
0 0.4230769230769231 0.3954326923076923 0.01201923076923077 0.015625
0 0.671875 0.5144230769230769 0.038461538461538464 0.052884615384615384
1 0.8377403846153846 0.6574519230769231 0.15264423076923078 0.25600961538461536
1 0.12740384615384615 0.8293269230769231 0.2536057692307692 0.34134615384615385