0 0.14302884615384615 0.9146634615384616 0.14182692307692307 0.17067307692307693
0 0.328125 0.9206730769230769 0.11298076923076923 0.15865384615384615
0 0.2091346153846154 0.6502403846153846 0.07932692307692307 0.08413461538461539
0 0.3401442307692308 0.578125 0.052884615384615384 0.07091346153846154
0 0.30528846153846156 0.5372596153846154 0.04326923076923077 0.054086538461538464
0 0.34615384615384615 0.4987980769230769 0.028846153846153848 0.04567307692307692
0 0.43028846153846156 0.5288461538461539 0.037259615384615384 0.055288461538461536
0 0.3870192307692308 0.4338942307692308 0.021634615384615384 0.028846153846153848
0 0.41225961538461536 0.44350961538461536 0.025240384615384616 0.03485576923076923
0 0.4387019230769231 0.4579326923076923 0.026442307692307692 0.03485576923076923
0 0.46033653846153844 0.4362980769230769 0.02283653846153846 0.026442307692307692
0 0.41586538461538464 0.4026442307692308 0.015625 0.025240384615384616
0 0.4411057692307692 0.4050480769230769 0.016826923076923076 0.02403846153846154
0 0.4699519230769231 0.40024038461538464 0.015625 0.025240384615384616
0 0.5360576923076923 0.4110576923076923 0.018028846153846152 0.027644230769230768
0 0.5564903846153846 0.39903846153846156 0.01201923076923077 0.021634615384615384
0 0.5793269230769231 0.4423076923076923 0.021634615384615384 0.03485576923076923
0 0.6141826923076923 0.43990384615384615 0.02403846153846154 0.03365384615384615
0 0.5721153846153846 0.5216346153846154 0.03125 0.051682692307692304
0 0.6430288461538461 0.5685096153846154 0.04567307692307692 0.06610576923076923
1 0.6935096153846154 0.5276442307692307 0.05048076923076923 0.08653846153846154
0 0.6394230769230769 0.703125 0.0733173076923077 0.14182692307692307
0 0.8377403846153846 0.7139423076923077 0.08774038461538461 0.125