1 0.21514423076923078 0.7319711538461539 0.17548076923076922 0.29447115384615385
1 0.31009615384615385 0.9170673076923077 0.11177884615384616 0.1658653846153846
1 0.39783653846153844 0.640625 0.06370192307692307 0.11778846153846154
1 0.9314903846153846 0.796875 0.13701923076923078 0.3629807692307692
0 0.3425480769230769 0.5793269230769231 0.04927884615384615 0.06490384615384616
0 0.3245192307692308 0.5060096153846154 0.037259615384615384 0.04326923076923077
1 0.38461538461538464 0.484375 0.040865384615384616 0.07091346153846154
0 0.3798076923076923 0.4411057692307692 0.020432692307692308 0.02403846153846154
0 0.41346153846153844 0.4483173076923077 0.019230769230769232 0.026442307692307692
0 0.4254807692307692 0.43149038461538464 0.016826923076923076 0.025240384615384616
0 0.4567307692307692 0.4411057692307692 0.020432692307692308 0.025240384615384616
0 0.4362980769230769 0.40865384615384615 0.014423076923076924 0.019230769230769232
0 0.4651442307692308 0.4110576923076923 0.016826923076923076 0.025240384615384616
1 0.4495192307692308 0.3870192307692308 0.014423076923076924 0.030048076923076924
0 0.7091346153846154 0.5576923076923077 0.04807692307692308 0.06850961538461539