1 0.2776442307692308 0.6454326923076923 0.12379807692307693 0.21394230769230768
0 0.056490384615384616 0.8257211538461539 0.11177884615384616 0.14903846153846154
0 0.22235576923076922 0.9387019230769231 0.1466346153846154 0.12259615384615384
1 0.3605769230769231 0.7620192307692307 0.07572115384615384 0.12740384615384615
0 0.3641826923076923 0.5432692307692307 0.040865384615384616 0.06129807692307692
1 0.41346153846153844 0.5829326923076923 0.05048076923076923 0.09134615384615384
0 0.3425480769230769 0.484375 0.03245192307692308 0.036057692307692304
1 0.39663461538461536 0.4651442307692308 0.038461538461538464 0.06370192307692307
0 0.3894230769230769 0.43028846153846156 0.016826923076923076 0.021634615384615384
0 0.41947115384615385 0.4387019230769231 0.019230769230769232 0.025240384615384616
0 0.45913461538461536 0.43149038461538464 0.016826923076923076 0.025240384615384616
0 0.42908653846153844 0.4254807692307692 0.014423076923076924 0.019230769230769232
0 0.4411057692307692 0.40384615384615385 0.01201923076923077 0.019230769230769232
1 0.4519230769230769 0.38341346153846156 0.015625 0.027644230769230768
0 0.46875 0.40865384615384615 0.016826923076923076 0.025240384615384616
0 0.43028846153846156 0.390625 0.01201923076923077 0.014423076923076924
0 0.5324519230769231 0.38221153846153844 0.009615384615384616 0.016826923076923076
0 0.7716346153846154 0.6346153846153846 0.06850961538461539 0.0985576923076923