0 0.14543269230769232 0.7103365384615384 0.09254807692307693 0.109375
0 0.30288461538461536 0.8137019230769231 0.10216346153846154 0.13581730769230768
1 0.38822115384615385 0.6682692307692307 0.05889423076923077 0.09615384615384616
1 0.31009615384615385 0.5913461538461539 0.09254807692307693 0.17067307692307693
0 0.27163461538461536 0.5552884615384616 0.03485576923076923 0.05048076923076923
0 0.3786057692307692 0.5168269230769231 0.03485576923076923 0.046875
1 0.4254807692307692 0.5456730769230769 0.04326923076923077 0.07692307692307693
0 0.35697115384615385 0.4699519230769231 0.028846153846153848 0.03365384615384615
1 0.40384615384615385 0.453125 0.03485576923076923 0.056490384615384616
0 0.3954326923076923 0.4230769230769231 0.016826923076923076 0.02403846153846154
0 0.4254807692307692 0.43028846153846156 0.015625 0.02403846153846154
0 0.4326923076923077 0.41947115384615385 0.014423076923076924 0.019230769230769232
0 0.46153846153846156 0.4230769230769231 0.016826923076923076 0.02403846153846154
0 0.4699519230769231 0.40024038461538464 0.014423076923076924 0.019230769230769232
0 0.44350961538461536 0.39903846153846156 0.01201923076923077 0.015625
0 0.43149038461538464 0.38461538461538464 0.01201923076923077 0.018028846153846152
0 0.5372596153846154 0.390625 0.01201923076923077 0.018028846153846152
0 0.8786057692307693 0.7584134615384616 0.11057692307692307 0.15264423076923078