0 0.2127403846153846 0.6322115384615384 0.07211538461538461 0.08413461538461539
0 0.35096153846153844 0.703125 0.0733173076923077 0.10096153846153846
1 0.40625 0.6045673076923077 0.04447115384615385 0.07692307692307693
1 0.3389423076923077 0.5456730769230769 0.07451923076923077 0.13581730769230768
0 0.29927884615384615 0.5276442307692307 0.030048076923076924 0.04447115384615385
0 0.390625 0.49278846153846156 0.030048076923076924 0.042067307692307696
0 0.36899038461538464 0.4567307692307692 0.025240384615384616 0.030048076923076924
1 0.43509615384615385 0.5168269230769231 0.037259615384615384 0.06850961538461539
1 0.41225961538461536 0.4411057692307692 0.03125 0.054086538461538464
0 0.4639423076923077 0.41586538461538464 0.014423076923076924 0.019230769230769232
0 0.5456730769230769 0.4050480769230769 0.014423076923076924 0.021634615384615384