0 0.056490384615384616 0.8317307692307693 0.11177884615384616 0.13581730769230768
0 0.31490384615384615 0.9038461538461539 0.09254807692307693 0.15144230769230768
0 0.2548076923076923 0.5865384615384616 0.055288461538461536 0.07211538461538461
0 0.3798076923076923 0.6358173076923077 0.06009615384615385 0.08413461538461539
1 0.41947115384615385 0.5661057692307693 0.038461538461538464 0.06490384615384616
1 0.3581730769230769 0.5168269230769231 0.0625 0.11658653846153846
0 0.31971153846153844 0.5060096153846154 0.027644230769230768 0.038461538461538464
0 0.3786057692307692 0.44471153846153844 0.02403846153846154 0.026442307692307692
0 0.40024038461538464 0.47836538461538464 0.027644230769230768 0.042067307692307696
1 0.4423076923076923 0.49399038461538464 0.03245192307692308 0.05889423076923077
1 0.41586538461538464 0.4338942307692308 0.027644230769230768 0.052884615384615384
0 0.4651442307692308 0.4098557692307692 0.014423076923076924 0.018028846153846152
0 0.5552884615384616 0.4206730769230769 0.016826923076923076 0.02403846153846154
0 0.578125 0.40024038461538464 0.013221153846153846 0.016826923076923076
0 0.5288461538461539 0.3870192307692308 0.01201923076923077 0.015625