0 0.2127403846153846 0.6334134615384616 0.06971153846153846 0.07211538461538461
0 0.38461538461538464 0.6610576923076923 0.051682692307692304 0.078125
0 0.3112980769230769 0.5204326923076923 0.038461538461538464 0.054086538461538464
0 0.41346153846153844 0.5516826923076923 0.040865384615384616 0.06009615384615385
0 0.35216346153846156 0.4699519230769231 0.02283653846153846 0.030048076923076924
1 0.3858173076923077 0.4723557692307692 0.046875 0.0889423076923077
1 0.4362980769230769 0.5072115384615384 0.030048076923076924 0.046875
0 0.41586538461538464 0.45072115384615385 0.019230769230769232 0.03245192307692308
1 0.4519230769230769 0.45913461538461536 0.026442307692307692 0.04326923076923077
1 0.4266826923076923 0.41947115384615385 0.021634615384615384 0.046875
0 0.4699519230769231 0.39903846153846156 0.01201923076923077 0.016826923076923076
0 0.5360576923076923 0.4098557692307692 0.014423076923076924 0.02403846153846154
0 0.6009615384615384 0.4266826923076923 0.016826923076923076 0.026442307692307692
0 0.5889423076923077 0.4795673076923077 0.026442307692307692 0.038461538461538464