0 0.0673076923076923 0.8064903846153846 0.13221153846153846 0.1466346153846154
0 0.3016826923076923 0.9471153846153846 0.11298076923076923 0.10576923076923077
0 0.25961538461538464 0.5829326923076923 0.055288461538461536 0.06129807692307692
0 0.40384615384615385 0.6033653846153846 0.040865384615384616 0.0625
0 0.3317307692307692 0.4987980769230769 0.03245192307692308 0.04567307692307692
0 0.42427884615384615 0.5240384615384616 0.03485576923076923 0.05048076923076923
0 0.36658653846153844 0.4567307692307692 0.02283653846153846 0.030048076923076924
1 0.39663461538461536 0.45913461538461536 0.040865384615384616 0.078125
1 0.44471153846153844 0.48677884615384615 0.027644230769230768 0.04567307692307692
0 0.4543269230769231 0.44471153846153844 0.021634615384615384 0.037259615384615384
0 0.4230769230769231 0.43990384615384615 0.018028846153846152 0.027644230769230768
1 0.43149038461538464 0.4098557692307692 0.021634615384615384 0.037259615384615384
0 0.4699519230769231 0.3942307692307692 0.01201923076923077 0.016826923076923076
0 0.5408653846153846 0.43028846153846156 0.019230769230769232 0.028846153846153848
0 0.6177884615384616 0.4495192307692308 0.019230769230769232 0.027644230769230768
0 0.6225961538461539 0.5372596153846154 0.036057692307692304 0.052884615384615384