0 0.16105769230769232 0.6923076923076923 0.09615384615384616 0.109375
0 0.35096153846153844 0.8112980769230769 0.08774038461538461 0.13581730769230768
0 0.28966346153846156 0.546875 0.04567307692307692 0.04807692307692308
0 0.3473557692307692 0.4831730769230769 0.03125 0.04567307692307692
0 0.41586538461538464 0.5625 0.03485576923076923 0.055288461538461536
0 0.43149038461538464 0.5012019230769231 0.030048076923076924 0.04447115384615385
0 0.4483173076923077 0.4699519230769231 0.02283653846153846 0.042067307692307696
1 0.40384615384615385 0.4483173076923077 0.038461538461538464 0.07211538461538461
0 0.3762019230769231 0.44711538461538464 0.020432692307692308 0.028846153846153848
0 0.46033653846153844 0.43509615384615385 0.02283653846153846 0.03245192307692308
0 0.42788461538461536 0.43149038461538464 0.016826923076923076 0.025240384615384616
1 0.43509615384615385 0.4074519230769231 0.019230769230769232 0.036057692307692304
0 0.5480769230769231 0.4543269230769231 0.02403846153846154 0.03245192307692308
0 0.6394230769230769 0.4795673076923077 0.025240384615384616 0.038461538461538464
0 0.6790865384615384 0.6382211538461539 0.055288461538461536 0.08413461538461539