1 0.29927884615384615 0.9170673076923077 0.1466346153846154 0.1658653846153846
0 0.2692307692307692 0.5673076923076923 0.055288461538461536 0.06490384615384616
0 0.4050480769230769 0.6213942307692307 0.05048076923076923 0.07451923076923077
0 0.3329326923076923 0.49759615384615385 0.03485576923076923 0.042067307692307696
0 0.4326923076923077 0.5060096153846154 0.028846153846153848 0.036057692307692304
0 0.3701923076923077 0.4543269230769231 0.025240384615384616 0.03365384615384615
1 0.4182692307692308 0.42427884615384615 0.030048076923076924 0.06009615384615385
0 0.44350961538461536 0.4675480769230769 0.026442307692307692 0.036057692307692304
0 0.3918269230769231 0.42788461538461536 0.015625 0.021634615384615384
0 0.45552884615384615 0.4423076923076923 0.019230769230769232 0.028846153846153848
0 0.5673076923076923 0.38221153846153844 0.01201923076923077 0.016826923076923076
0 0.5853365384615384 0.5612980769230769 0.039663461538461536 0.0625
0 0.7307692307692307 0.5865384615384616 0.046875 0.06370192307692307