0 0.20072115384615385 0.7884615384615384 0.10817307692307693 0.12860576923076922
1 0.38341346153846156 0.6850961538461539 0.0733173076923077 0.13341346153846154
0 0.3245192307692308 0.5048076923076923 0.039663461538461536 0.04807692307692308
0 0.43149038461538464 0.5372596153846154 0.03485576923076923 0.04807692307692308
0 0.36177884615384615 0.4651442307692308 0.025240384615384616 0.030048076923076924
0 0.3870192307692308 0.4338942307692308 0.02283653846153846 0.028846153846153848
0 0.44471153846153844 0.47115384615384615 0.02403846153846154 0.030048076923076924
1 0.42788461538461536 0.41466346153846156 0.025240384615384616 0.056490384615384616
0 0.453125 0.4411057692307692 0.021634615384615384 0.03245192307692308
0 0.46153846153846156 0.4230769230769231 0.014423076923076924 0.02403846153846154
0 0.4050480769230769 0.41225961538461536 0.015625 0.020432692307692308
0 0.5492788461538461 0.3858173076923077 0.013221153846153846 0.019230769230769232
0 0.5829326923076923 0.4026442307692308 0.014423076923076924 0.020432692307692308