0 0.09375 0.7692307692307693 0.11177884615384616 0.11538461538461539
0 0.2620192307692308 0.6850961538461539 0.07932692307692307 0.09254807692307693
1 0.4050480769230769 0.6129807692307693 0.05889423076923077 0.09975961538461539
0 0.34375 0.4855769230769231 0.03245192307692308 0.04447115384615385
0 0.37259615384615385 0.4543269230769231 0.02283653846153846 0.030048076923076924
0 0.43990384615384615 0.5084134615384616 0.027644230769230768 0.042067307692307696
0 0.39302884615384615 0.42427884615384615 0.019230769230769232 0.026442307692307692
1 0.43028846153846156 0.4074519230769231 0.02283653846153846 0.055288461538461536
0 0.4495192307692308 0.4579326923076923 0.019230769230769232 0.026442307692307692
0 0.45552884615384615 0.4326923076923077 0.018028846153846152 0.026442307692307692
0 0.4098557692307692 0.40865384615384615 0.014423076923076924 0.020432692307692308
0 0.4639423076923077 0.4170673076923077 0.014423076923076924 0.021634615384615384
0 0.5552884615384616 0.3954326923076923 0.01201923076923077 0.019230769230769232
0 0.5925480769230769 0.41346153846153844 0.014423076923076924 0.02403846153846154