0 0.34975961538461536 0.7692307692307693 0.07932692307692307 0.11538461538461539
0 0.23677884615384615 0.6033653846153846 0.06129807692307692 0.06370192307692307
0 0.3317307692307692 0.578125 0.052884615384615384 0.0625
1 0.42788461538461536 0.5348557692307693 0.04326923076923077 0.06971153846153846
0 0.36899038461538464 0.4543269230769231 0.026442307692307692 0.036057692307692304
0 0.3894230769230769 0.4338942307692308 0.019230769230769232 0.026442307692307692
0 0.4050480769230769 0.41225961538461536 0.018028846153846152 0.025240384615384616
0 0.45072115384615385 0.47115384615384615 0.02403846153846154 0.036057692307692304
0 0.45552884615384615 0.4362980769230769 0.016826923076923076 0.02403846153846154
1 0.4375 0.39903846153846156 0.021634615384615384 0.051682692307692304
0 0.5396634615384616 0.38822115384615385 0.013221153846153846 0.018028846153846152
0 0.5733173076923077 0.4266826923076923 0.018028846153846152 0.025240384615384616
0 0.6237980769230769 0.4495192307692308 0.02403846153846154 0.028846153846153848