0 0.37740384615384615 0.6766826923076923 0.06009615384615385 0.08653846153846154
0 0.35336538461538464 0.546875 0.04567307692307692 0.055288461538461536
0 0.2764423076923077 0.5612980769230769 0.04927884615384615 0.054086538461538464
1 0.4338942307692308 0.5084134615384616 0.038461538461538464 0.05889423076923077
0 0.3798076923076923 0.44591346153846156 0.02403846153846154 0.036057692307692304
0 0.3942307692307692 0.4254807692307692 0.016826923076923076 0.026442307692307692
0 0.4098557692307692 0.4074519230769231 0.015625 0.021634615384615384
1 0.4411057692307692 0.3954326923076923 0.021634615384615384 0.052884615384615384
0 0.45552884615384615 0.4579326923076923 0.02403846153846154 0.03245192307692308
0 0.4579326923076923 0.43028846153846156 0.014423076923076924 0.02403846153846154
0 0.5865384615384616 0.4495192307692308 0.02403846153846154 0.03245192307692308
0 0.5456730769230769 0.4014423076923077 0.013221153846153846 0.021634615384615384
0 0.6466346153846154 0.47596153846153844 0.027644230769230768 0.038461538461538464