0 0.2668269230769231 0.9266826923076923 0.125 0.14543269230769232
0 0.39903846153846156 0.609375 0.05048076923076923 0.06610576923076923
0 0.30649038461538464 0.5252403846153846 0.040865384615384616 0.04326923076923077
0 0.3713942307692308 0.5204326923076923 0.037259615384615384 0.046875
0 0.43990384615384615 0.48677884615384615 0.03245192307692308 0.054086538461538464
0 0.38822115384615385 0.4338942307692308 0.021634615384615384 0.030048076923076924
0 0.4579326923076923 0.44471153846153844 0.018028846153846152 0.027644230769230768
0 0.40024038461538464 0.41947115384615385 0.014423076923076924 0.019230769230769232
0 0.41466346153846156 0.4026442307692308 0.014423076923076924 0.021634615384615384
0 0.42427884615384615 0.3894230769230769 0.010817307692307692 0.016826923076923076
0 0.46153846153846156 0.4182692307692308 0.01201923076923077 0.016826923076923076
0 0.4675480769230769 0.4050480769230769 0.014423076923076924 0.020432692307692308
1 0.44350961538461536 0.3918269230769231 0.021634615384615384 0.04567307692307692
1 0.5516826923076923 0.37259615384615385 0.019230769230769232 0.04567307692307692
0 0.5264423076923077 0.3954326923076923 0.01201923076923077 0.020432692307692308
0 0.5564903846153846 0.41586538461538464 0.019230769230769232 0.02403846153846154
0 0.609375 0.48677884615384615 0.027644230769230768 0.04326923076923077
0 0.6850961538461539 0.5240384615384616 0.038461538461538464 0.052884615384615384