0 0.027644230769230768 0.90625 0.054086538461538464 0.12379807692307693
0 0.2704326923076923 0.6959134615384616 0.07572115384615384 0.10576923076923077
0 0.2800480769230769 0.5673076923076923 0.051682692307692304 0.056490384615384616
0 0.4050480769230769 0.6502403846153846 0.057692307692307696 0.08653846153846154
0 0.3786057692307692 0.5132211538461539 0.037259615384615384 0.051682692307692304
0 0.34134615384615385 0.4951923076923077 0.036057692307692304 0.04326923076923077
0 0.36778846153846156 0.4639423076923077 0.027644230769230768 0.038461538461538464
0 0.44350961538461536 0.4807692307692308 0.03245192307692308 0.038461538461538464
0 0.40024038461538464 0.4206730769230769 0.019230769230769232 0.026442307692307692
0 0.42427884615384615 0.4254807692307692 0.021634615384615384 0.028846153846153848
0 0.4543269230769231 0.43509615384615385 0.019230769230769232 0.027644230769230768
0 0.46634615384615385 0.4170673076923077 0.018028846153846152 0.02403846153846154
0 0.42427884615384615 0.3942307692307692 0.014423076923076924 0.019230769230769232
0 0.44711538461538464 0.3954326923076923 0.01201923076923077 0.018028846153846152
0 0.4735576923076923 0.3894230769230769 0.01201923076923077 0.018028846153846152
1 0.5757211538461539 0.37740384615384615 0.027644230769230768 0.054086538461538464
0 0.5588942307692307 0.40865384615384615 0.019230769230769232 0.027644230769230768
0 0.5709134615384616 0.4254807692307692 0.018028846153846152 0.030048076923076924
0 0.5480769230769231 0.4495192307692308 0.021634615384615384 0.03365384615384615
0 0.6153846153846154 0.5036057692307693 0.03485576923076923 0.054086538461538464
0 0.6502403846153846 0.4855769230769231 0.030048076923076924 0.046875
0 0.6550480769230769 0.7800480769230769 0.07211538461538461 0.13701923076923078
1 0.8365384615384616 0.6935096153846154 0.10336538461538461 0.1658653846153846
0 0.859375 0.921875 0.14182692307692307 0.15504807692307693