0 0.3581730769230769 0.7644230769230769 0.07932692307692307 0.12259615384615384
0 0.27403846153846156 0.6911057692307693 0.07451923076923077 0.09735576923076923
0 0.25721153846153844 0.5817307692307693 0.055288461538461536 0.06610576923076923
0 0.3918269230769231 0.5913461538461539 0.04807692307692308 0.0625
0 0.37259615384615385 0.453125 0.02403846153846154 0.03245192307692308
0 0.41225961538461536 0.4543269230769231 0.02403846153846154 0.030048076923076924
0 0.4362980769230769 0.4879807692307692 0.026442307692307692 0.040865384615384616
0 0.4110576923076923 0.40625 0.016826923076923076 0.02403846153846154
1 0.4567307692307692 0.4362980769230769 0.021634615384615384 0.03485576923076923
0 0.42908653846153844 0.3858173076923077 0.01201923076923077 0.016826923076923076
0 0.4675480769230769 0.41225961538461536 0.014423076923076924 0.020432692307692308
1 0.45072115384615385 0.38100961538461536 0.018028846153846152 0.038461538461538464
0 0.5252403846153846 0.38221153846153844 0.01201923076923077 0.019230769230769232
0 0.5336538461538461 0.41947115384615385 0.018028846153846152 0.030048076923076924
1 0.5721153846153846 0.4074519230769231 0.03485576923076923 0.07932692307692307
0 0.5612980769230769 0.4987980769230769 0.027644230769230768 0.046875
0 0.6634615384615384 0.5865384615384616 0.05048076923076923 0.07091346153846154