0 0.35697115384615385 0.7884615384615384 0.07932692307692307 0.12139423076923077
0 0.40384615384615385 0.625 0.052884615384615384 0.078125
0 0.3401442307692308 0.5745192307692307 0.05048076923076923 0.055288461538461536
0 0.3161057692307692 0.5144230769230769 0.037259615384615384 0.04447115384615385
0 0.41466346153846156 0.5324519230769231 0.03485576923076923 0.046875
0 0.390625 0.4326923076923077 0.019230769230769232 0.02403846153846154
0 0.4206730769230769 0.4338942307692308 0.019230769230769232 0.02403846153846154
0 0.44591346153846156 0.4579326923076923 0.020432692307692308 0.027644230769230768
0 0.46274038461538464 0.4206730769230769 0.018028846153846152 0.026442307692307692
0 0.4182692307692308 0.40024038461538464 0.01201923076923077 0.020432692307692308
0 0.53125 0.4014423076923077 0.014423076923076924 0.021634615384615384
0 0.5516826923076923 0.4795673076923077 0.025240384615384616 0.046875
1 0.6009615384615384 0.44711538461538464 0.055288461538461536 0.11899038461538461
0 0.6634615384615384 0.7932692307692307 0.08653846153846154 0.15745192307692307