0 0.055288461538461536 0.8365384615384616 0.109375 0.1346153846153846
0 0.38221153846153844 0.6995192307692307 0.0625 0.0985576923076923
0 0.33533653846153844 0.49278846153846156 0.03365384615384615 0.040865384615384616
0 0.3605769230769231 0.5420673076923077 0.040865384615384616 0.046875
0 0.41466346153846156 0.5817307692307693 0.04447115384615385 0.06490384615384616
0 0.4206730769230769 0.5072115384615384 0.03125 0.037259615384615384
0 0.39783653846153844 0.42427884615384615 0.019230769230769232 0.02403846153846154
0 0.4254807692307692 0.42788461538461536 0.018028846153846152 0.025240384615384616
0 0.45072115384615385 0.44591346153846156 0.019230769230769232 0.027644230769230768
0 0.4639423076923077 0.41225961538461536 0.016826923076923076 0.025240384615384616
0 0.5348557692307693 0.4170673076923077 0.016826923076923076 0.027644230769230768
1 0.5817307692307693 0.43028846153846156 0.03245192307692308 0.07211538461538461
1 0.6237980769230769 0.4807692307692308 0.07451923076923077 0.15384615384615385
0 0.5685096153846154 0.5372596153846154 0.037259615384615384 0.06850961538461539