0 0.14182692307692307 0.7283653846153846 0.08653846153846154 0.10336538461538461
0 0.19951923076923078 0.8269230769230769 0.1045673076923077 0.11658653846153846
0 0.40024038461538464 0.6346153846153846 0.051682692307692304 0.078125
0 0.37740384615384615 0.5132211538461539 0.03485576923076923 0.04326923076923077
0 0.4254807692307692 0.546875 0.039663461538461536 0.052884615384615384
0 0.35096153846153844 0.47475961538461536 0.030048076923076924 0.03485576923076923
0 0.42908653846153844 0.49038461538461536 0.028846153846153848 0.038461538461538464
0 0.4050480769230769 0.4170673076923077 0.016826923076923076 0.020432692307692308
0 0.42908653846153844 0.421875 0.018028846153846152 0.02403846153846154
0 0.4543269230769231 0.4375 0.019230769230769232 0.021634615384615384
0 0.46634615384615385 0.4074519230769231 0.016826923076923076 0.021634615384615384
0 0.5408653846153846 0.4387019230769231 0.020432692307692308 0.03365384615384615
0 0.5336538461538461 0.39903846153846156 0.013221153846153846 0.020432692307692308
1 0.5997596153846154 0.4543269230769231 0.04326923076923077 0.09134615384615384
1 0.6634615384615384 0.5348557692307693 0.109375 0.20793269230769232
0 0.6117788461538461 0.6730769230769231 0.06850961538461539 0.125