0 0.19591346153846154 0.6598557692307693 0.06850961538461539 0.07692307692307693
0 0.2644230769230769 0.7175480769230769 0.07451923076923077 0.08774038461538461
0 0.41225961538461536 0.5889423076923077 0.04567307692307692 0.06370192307692307
0 0.3894230769230769 0.49158653846153844 0.030048076923076924 0.036057692307692304
0 0.3641826923076923 0.4579326923076923 0.027644230769230768 0.030048076923076924
0 0.4326923076923077 0.5240384615384616 0.03365384615384615 0.052884615384615384
0 0.4338942307692308 0.47596153846153844 0.025240384615384616 0.03245192307692308
0 0.4098557692307692 0.4098557692307692 0.016826923076923076 0.020432692307692308
0 0.43028846153846156 0.41586538461538464 0.015625 0.019230769230769232
0 0.45552884615384615 0.42908653846153844 0.019230769230769232 0.021634615384615384
0 0.46875 0.4026442307692308 0.015625 0.021634615384615384
0 0.5384615384615384 0.41225961538461536 0.014423076923076924 0.020432692307692308
1 0.5805288461538461 0.390625 0.018028846153846152 0.03485576923076923
1 0.5516826923076923 0.47115384615384615 0.02403846153846154 0.051682692307692304
1 0.6225961538461539 0.49038461538461536 0.052884615384615384 0.12259615384615384
1 0.734375 0.6322115384615384 0.18629807692307693 0.34975961538461536
0 0.32211538461538464 0.9110576923076923 0.09615384615384616 0.1778846153846154