1 0.8533653846153846 0.7692307692307693 0.2932692307692308 0.46153846153846156
1 0.6646634615384616 0.5564903846153846 0.08533653846153846 0.17307692307692307
0 0.23918269230769232 0.6105769230769231 0.055288461538461536 0.06971153846153846
0 0.3076923076923077 0.640625 0.056490384615384616 0.06370192307692307
0 0.4230769230769231 0.5552884615384616 0.037259615384615384 0.051682692307692304
0 0.43990384615384615 0.5012019230769231 0.028846153846153848 0.042067307692307696
0 0.4411057692307692 0.46274038461538464 0.021634615384615384 0.030048076923076924
0 0.40024038461538464 0.4723557692307692 0.02403846153846154 0.03245192307692308
0 0.375 0.44591346153846156 0.02283653846153846 0.027644230769230768
0 0.45913461538461536 0.421875 0.015625 0.020432692307692308
0 0.43149038461538464 0.4110576923076923 0.015625 0.019230769230769232
0 0.41586538461538464 0.40625 0.01201923076923077 0.018028846153846152
0 0.5444711538461539 0.4338942307692308 0.019230769230769232 0.026442307692307692
1 0.5865384615384616 0.4014423076923077 0.020432692307692308 0.038461538461538464
0 0.5540865384615384 0.3942307692307692 0.01201923076923077 0.019230769230769232
1 0.5685096153846154 0.5216346153846154 0.03485576923076923 0.06850961538461539
0 0.6298076923076923 0.4579326923076923 0.025240384615384616 0.028846153846153848