1 0.7403846153846154 0.6634615384615384 0.1346153846153846 0.2800480769230769
0 0.15745192307692307 0.8894230769230769 0.12740384615384615 0.15504807692307693
0 0.38221153846153844 0.6935096153846154 0.05889423076923077 0.09495192307692307
0 0.33533653846153844 0.5913461538461539 0.04927884615384615 0.052884615384615384
0 0.2668269230769231 0.5721153846153846 0.05048076923076923 0.056490384615384616
0 0.42908653846153844 0.5300480769230769 0.03365384615384615 0.04807692307692308
0 0.44471153846153844 0.484375 0.027644230769230768 0.038461538461538464
0 0.4074519230769231 0.45913461538461536 0.02403846153846154 0.030048076923076924
0 0.38221153846153844 0.4362980769230769 0.021634615384615384 0.028846153846153848
0 0.44471153846153844 0.45072115384615385 0.021634615384615384 0.026442307692307692
0 0.4326923076923077 0.40625 0.013221153846153846 0.020432692307692308
0 0.41947115384615385 0.40024038461538464 0.013221153846153846 0.018028846153846152
0 0.46033653846153844 0.41466346153846156 0.013221153846153846 0.020432692307692308
0 0.4723557692307692 0.3942307692307692 0.014423076923076924 0.021634615384615384
0 0.5288461538461539 0.38461538461538464 0.009615384615384616 0.016826923076923076
0 0.5588942307692307 0.4026442307692308 0.01201923076923077 0.020432692307692308
0 0.5528846153846154 0.46033653846153844 0.021634615384615384 0.03245192307692308
1 0.5961538461538461 0.41225961538461536 0.02283653846153846 0.04567307692307692
1 0.5985576923076923 0.6274038461538461 0.054086538461538464 0.10697115384615384
0 0.6514423076923077 0.484375 0.03245192307692308 0.042067307692307696