1 0.8930288461538461 0.8341346153846154 0.2127403846153846 0.33052884615384615
1 0.6959134615384616 0.8978365384615384 0.11538461538461539 0.20432692307692307
0 0.2403846153846154 0.7427884615384616 0.08413461538461539 0.10697115384615384
0 0.33052884615384615 0.8990384615384616 0.10697115384615384 0.171875
0 0.39903846153846156 0.6346153846153846 0.04807692307692308 0.07932692307692307
0 0.35697115384615385 0.5540865384615384 0.038461538461538464 0.04447115384615385
0 0.29086538461538464 0.5432692307692307 0.04326923076923077 0.04567307692307692
0 0.4362980769230769 0.5060096153846154 0.028846153846153848 0.040865384615384616
0 0.41466346153846156 0.4483173076923077 0.021634615384615384 0.027644230769230768
0 0.390625 0.4266826923076923 0.019230769230769232 0.025240384615384616
0 0.4495192307692308 0.4675480769230769 0.02403846153846154 0.03365384615384615
0 0.4483173076923077 0.4387019230769231 0.018028846153846152 0.025240384615384616
0 0.4639423076923077 0.40865384615384615 0.013221153846153846 0.016826923076923076
0 0.4326923076923077 0.4026442307692308 0.014423076923076924 0.018028846153846152
0 0.5661057692307693 0.4170673076923077 0.015625 0.027644230769230768
1 0.6081730769230769 0.4254807692307692 0.026442307692307692 0.054086538461538464
0 0.5673076923076923 0.5072115384615384 0.030048076923076924 0.04567307692307692
0 0.6862980769230769 0.5276442307692307 0.038461538461538464 0.051682692307692304
0 0.78125 0.6454326923076923 0.06129807692307692 0.08173076923076923