0 0.07692307692307693 0.8028846153846154 0.12379807692307693 0.125
0 0.30528846153846156 0.6286057692307693 0.05889423076923077 0.08413461538461539
0 0.30649038461538464 0.5348557692307693 0.04447115384615385 0.054086538461538464
0 0.3545673076923077 0.47836538461538464 0.030048076923076924 0.037259615384615384
0 0.3786057692307692 0.453125 0.02283653846153846 0.03365384615384615
0 0.3918269230769231 0.49038461538461536 0.030048076923076924 0.04567307692307692
0 0.4230769230769231 0.5841346153846154 0.04326923076923077 0.06490384615384616
0 0.44591346153846156 0.46153846153846156 0.027644230769230768 0.03365384615384615
0 0.4050480769230769 0.41346153846153844 0.019230769230769232 0.027644230769230768
0 0.42908653846153844 0.4170673076923077 0.019230769230769232 0.030048076923076924
0 0.4579326923076923 0.4254807692307692 0.019230769230769232 0.027644230769230768
0 0.46875 0.4098557692307692 0.018028846153846152 0.021634615384615384
0 0.42788461538461536 0.390625 0.01201923076923077 0.019230769230769232
1 0.5817307692307693 0.38461538461538464 0.028846153846153848 0.06009615384615385
0 0.5661057692307693 0.4206730769230769 0.016826923076923076 0.025240384615384616
0 0.5817307692307693 0.44471153846153844 0.021634615384615384 0.03245192307692308
0 0.5588942307692307 0.4891826923076923 0.027644230769230768 0.05048076923076923
0 0.6490384615384616 0.5649038461538461 0.04567307692307692 0.07451923076923077
0 0.6802884615384616 0.5216346153846154 0.038461538461538464 0.05889423076923077