0 0.3858173076923077 0.7019230769230769 0.06850961538461539 0.1045673076923077
0 0.32211538461538464 0.5997596153846154 0.054086538461538464 0.06610576923076923
0 0.3269230769230769 0.5036057692307693 0.03245192307692308 0.042067307692307696
0 0.3870192307692308 0.5036057692307693 0.030048076923076924 0.036057692307692304
0 0.41947115384615385 0.5600961538461539 0.037259615384615384 0.055288461538461536
0 0.44471153846153844 0.47475961538461536 0.02403846153846154 0.03485576923076923
0 0.40384615384615385 0.41346153846153844 0.018028846153846152 0.021634615384615384
0 0.4266826923076923 0.42788461538461536 0.019230769230769232 0.02403846153846154
0 0.45552884615384615 0.44711538461538464 0.019230769230769232 0.028846153846153848
0 0.45552884615384615 0.42427884615384615 0.014423076923076924 0.020432692307692308
0 0.4326923076923077 0.39783653846153844 0.01201923076923077 0.018028846153846152
0 0.53125 0.39663461538461536 0.013221153846153846 0.020432692307692308
0 0.5420673076923077 0.4266826923076923 0.014423076923076924 0.02403846153846154
0 0.5769230769230769 0.39903846153846156 0.014423076923076924 0.019230769230769232
0 0.5877403846153846 0.4579326923076923 0.02283653846153846 0.03485576923076923
0 0.5973557692307693 0.421875 0.016826923076923076 0.025240384615384616
0 0.6514423076923077 0.7536057692307693 0.078125 0.13942307692307693
0 0.8245192307692307 0.6911057692307693 0.0829326923076923 0.1141826923076923
1 0.6490384615384616 0.47115384615384615 0.040865384615384616 0.07932692307692307