0 0.16706730769230768 0.6899038461538461 0.09014423076923077 0.0889423076923077
0 0.23317307692307693 0.7860576923076923 0.09735576923076923 0.11899038461538461
0 0.36778846153846156 0.7331730769230769 0.06610576923076923 0.1045673076923077
0 0.421875 0.5685096153846154 0.040865384615384616 0.05889423076923077
0 0.3798076923076923 0.5060096153846154 0.03365384615384615 0.04326923076923077
0 0.36177884615384615 0.46153846153846156 0.025240384615384616 0.03365384615384615
0 0.41346153846153844 0.45913461538461536 0.02283653846153846 0.028846153846153848
0 0.4387019230769231 0.4951923076923077 0.028846153846153848 0.037259615384615384
0 0.4543269230769231 0.44350961538461536 0.019230769230769232 0.028846153846153848
0 0.41586538461538464 0.39783653846153844 0.013221153846153846 0.018028846153846152
0 0.4387019230769231 0.4074519230769231 0.01201923076923077 0.018028846153846152
0 0.46274038461538464 0.421875 0.015625 0.020432692307692308
0 0.5456730769230769 0.44591346153846156 0.021634615384615384 0.030048076923076924
0 0.6045673076923077 0.43509615384615385 0.021634615384615384 0.030048076923076924
0 0.5793269230769231 0.5336538461538461 0.03245192307692308 0.054086538461538464
0 0.6466346153846154 0.48197115384615385 0.030048076923076924 0.038461538461538464
0 0.6862980769230769 0.6322115384615384 0.05889423076923077 0.09735576923076923
1 0.8125 0.6514423076923077 0.11057692307692307 0.19471153846153846