0 0.22115384615384615 0.6274038461538461 0.06971153846153846 0.07451923076923077
0 0.28846153846153844 0.6862980769230769 0.06971153846153846 0.09254807692307693
0 0.3858173076923077 0.671875 0.055288461538461536 0.08774038461538461
0 0.43028846153846156 0.5432692307692307 0.036057692307692304 0.052884615384615384
0 0.390625 0.4855769230769231 0.030048076923076924 0.038461538461538464
0 0.3701923076923077 0.4495192307692308 0.02283653846153846 0.030048076923076924
0 0.41947115384615385 0.4483173076923077 0.019230769230769232 0.026442307692307692
0 0.44350961538461536 0.4795673076923077 0.02403846153846154 0.036057692307692304
0 0.4206730769230769 0.3942307692307692 0.01201923076923077 0.018028846153846152
0 0.4423076923076923 0.4026442307692308 0.014423076923076924 0.020432692307692308
0 0.4567307692307692 0.4338942307692308 0.016826923076923076 0.025240384615384616
0 0.5564903846153846 0.40384615384615385 0.016826923076923076 0.020432692307692308
0 0.5769230769230769 0.3954326923076923 0.01201923076923077 0.019230769230769232
0 0.5576923076923077 0.484375 0.027644230769230768 0.04326923076923077
0 0.6201923076923077 0.45552884615384615 0.025240384615384616 0.03365384615384615
0 0.6153846153846154 0.6322115384615384 0.04927884615384615 0.08173076923076923
0 0.6778846153846154 0.5204326923076923 0.037259615384615384 0.051682692307692304
0 0.8112980769230769 0.8473557692307693 0.11778846153846154 0.19831730769230768
1 0.9423076923076923 0.8125 0.11538461538461539 0.2692307692307692