0 0.08774038461538461 0.7980769230769231 0.13221153846153846 0.125
0 0.26322115384615385 0.7127403846153846 0.07932692307692307 0.09735576923076923
0 0.3713942307692308 0.7259615384615384 0.07451923076923077 0.10576923076923077
0 0.26802884615384615 0.5697115384615384 0.056490384615384616 0.06971153846153846
0 0.41346153846153844 0.5913461538461539 0.04447115384615385 0.06009615384615385
0 0.359375 0.5276442307692307 0.039663461538461536 0.046875
0 0.3449519230769231 0.4891826923076923 0.03245192307692308 0.036057692307692304
0 0.3870192307692308 0.4375 0.021634615384615384 0.027644230769230768
0 0.4050480769230769 0.46153846153846156 0.025240384615384616 0.03245192307692308
0 0.44471153846153844 0.4879807692307692 0.027644230769230768 0.038461538461538464
0 0.4170673076923077 0.40384615384615385 0.014423076923076924 0.020432692307692308
0 0.4375 0.41346153846153844 0.014423076923076924 0.021634615384615384
0 0.4543269230769231 0.4375 0.019230769230769232 0.027644230769230768
0 0.46274038461538464 0.41586538461538464 0.014423076923076924 0.025240384615384616
0 0.5432692307692307 0.43990384615384615 0.020432692307692308 0.030048076923076924
0 0.5985576923076923 0.42788461538461536 0.016826923076923076 0.025240384615384616
0 0.5612980769230769 0.4050480769230769 0.015625 0.019230769230769232
0 0.5913461538461539 0.4675480769230769 0.02283653846153846 0.03365384615384615
0 0.6598557692307693 0.5925480769230769 0.05048076923076923 0.08052884615384616
0 0.7007211538461539 0.5384615384615384 0.039663461538461536 0.06129807692307692
0 0.6322115384615384 0.7355769230769231 0.07211538461538461 0.12740384615384615
0 0.8341346153846154 0.7127403846153846 0.09014423076923077 0.12259615384615384