0 0.12379807692307693 0.9375 0.15144230769230768 0.125
0 0.38822115384615385 0.7139423076923077 0.06490384615384616 0.10336538461538461
0 0.21033653846153846 0.6418269230769231 0.06370192307692307 0.07451923076923077
0 0.3293269230769231 0.5961538461538461 0.055288461538461536 0.06850961538461539
0 0.4110576923076923 0.5961538461538461 0.04447115384615385 0.06370192307692307
0 0.390625 0.4879807692307692 0.028846153846153848 0.036057692307692304
0 0.43149038461538464 0.5288461538461539 0.03245192307692308 0.05048076923076923
1 0.3641826923076923 0.4519230769230769 0.03245192307692308 0.054086538461538464
1 0.39302884615384615 0.42427884615384615 0.025240384615384616 0.03485576923076923
0 0.41586538461538464 0.4495192307692308 0.020432692307692308 0.030048076923076924
0 0.44591346153846156 0.46153846153846156 0.027644230769230768 0.037259615384615384
0 0.45913461538461536 0.4254807692307692 0.016826923076923076 0.021634615384615384
1 0.5384615384615384 0.4387019230769231 0.02283653846153846 0.042067307692307696
0 0.6189903846153846 0.4483173076923077 0.02283653846153846 0.03365384615384615
0 0.5685096153846154 0.43028846153846156 0.015625 0.027644230769230768
0 0.5949519230769231 0.4182692307692308 0.015625 0.02403846153846154
0 0.6730769230769231 0.5216346153846154 0.038461538461538464 0.05889423076923077
0 0.7487980769230769 0.6045673076923077 0.05889423076923077 0.0733173076923077
0 0.7271634615384616 0.6995192307692307 0.07451923076923077 0.11899038461538461
0 0.625 0.7091346153846154 0.06490384615384616 0.11298076923076923