1 0.19831730769230768 0.6995192307692307 0.27884615384615385 0.4375
1 0.2956730769230769 0.4963942307692308 0.08774038461538461 0.12259615384615384
0 0.36899038461538464 0.7427884615384616 0.07091346153846154 0.11057692307692307
0 0.4182692307692308 0.5432692307692307 0.037259615384615384 0.05048076923076923
0 0.3701923076923077 0.4579326923076923 0.025240384615384616 0.03365384615384615
1 0.40625 0.45913461538461536 0.030048076923076924 0.04567307692307692
0 0.44471153846153844 0.48197115384615385 0.026442307692307692 0.036057692307692304
1 0.4230769230769231 0.43149038461538464 0.019230769230769232 0.037259615384615384
0 0.39302884615384615 0.42908653846153844 0.019230769230769232 0.025240384615384616
0 0.4567307692307692 0.4326923076923077 0.019230769230769232 0.02403846153846154
0 0.5456730769230769 0.44471153846153844 0.021634615384615384 0.03365384615384615
0 0.5612980769230769 0.49399038461538464 0.028846153846153848 0.054086538461538464
0 0.6177884615384616 0.44591346153846156 0.021634615384615384 0.030048076923076924
0 0.6237980769230769 0.5168269230769231 0.03485576923076923 0.046875
0 0.8774038461538461 0.9014423076923077 0.15625 0.1971153846153846