0 0.109375 0.7620192307692307 0.11298076923076923 0.11057692307692307
0 0.23076923076923078 0.7716346153846154 0.09495192307692307 0.11538461538461539
0 0.3581730769230769 0.7608173076923077 0.07692307692307693 0.109375
0 0.34975961538461536 0.5637019230769231 0.042067307692307696 0.06009615384615385
0 0.3293269230769231 0.5084134615384616 0.03485576923076923 0.04447115384615385
1 0.37259615384615385 0.44711538461538464 0.025240384615384616 0.037259615384615384
1 0.3942307692307692 0.4699519230769231 0.03245192307692308 0.055288461538461536
0 0.44350961538461536 0.4855769230769231 0.030048076923076924 0.04447115384615385
0 0.41225961538461536 0.4050480769230769 0.016826923076923076 0.020432692307692308
0 0.4519230769230769 0.43509615384615385 0.019230769230769232 0.02403846153846154
0 0.4423076923076923 0.40384615384615385 0.014423076923076924 0.021634615384615384
0 0.42908653846153844 0.3870192307692308 0.01201923076923077 0.015625
0 0.43990384615384615 0.3786057692307692 0.009615384615384616 0.016826923076923076
0 0.46875 0.39903846153846156 0.013221153846153846 0.019230769230769232
0 0.5264423076923077 0.39302884615384615 0.014423076923076924 0.016826923076923076
0 0.5793269230769231 0.39903846153846156 0.014423076923076924 0.020432692307692308
0 0.5576923076923077 0.49278846153846156 0.027644230769230768 0.04567307692307692
0 0.6045673076923077 0.4362980769230769 0.019230769230769232 0.027644230769230768
0 0.6430288461538461 0.47716346153846156 0.026442307692307692 0.040865384615384616
0 0.6310096153846154 0.546875 0.037259615384615384 0.052884615384615384
1 0.8016826923076923 0.6598557692307693 0.08413461538461539 0.13221153846153846
0 0.7307692307692307 0.9302884615384616 0.13221153846153846 0.13942307692307693