0 0.09735576923076923 0.9447115384615384 0.16105769230769232 0.11057692307692307
0 0.30288461538461536 0.9459134615384616 0.11538461538461539 0.10817307692307693
0 0.3173076923076923 0.6177884615384616 0.054086538461538464 0.06971153846153846
1 0.28966346153846156 0.5348557692307693 0.054086538461538464 0.07091346153846154
0 0.40865384615384615 0.609375 0.04567307692307692 0.07091346153846154
0 0.3858173076923077 0.49759615384615385 0.03245192307692308 0.04447115384615385
0 0.4375 0.5096153846153846 0.030048076923076924 0.04326923076923077
1 0.38461538461538464 0.42908653846153844 0.026442307692307692 0.04447115384615385
0 0.4050480769230769 0.4074519230769231 0.016826923076923076 0.025240384615384616
0 0.4338942307692308 0.41466346153846156 0.014423076923076924 0.020432692307692308
1 0.46274038461538464 0.4110576923076923 0.019230769230769232 0.030048076923076924
0 0.4266826923076923 0.3894230769230769 0.01201923076923077 0.018028846153846152
0 0.4362980769230769 0.3786057692307692 0.009615384615384616 0.014423076923076924
0 0.45552884615384615 0.38341346153846156 0.009615384615384616 0.014423076923076924
0 0.4723557692307692 0.390625 0.010817307692307692 0.014423076923076924
0 0.4567307692307692 0.4411057692307692 0.019230769230769232 0.028846153846153848
0 0.5240384615384616 0.3641826923076923 0.009615384615384616 0.01201923076923077
0 0.5384615384615384 0.359375 0.007211538461538462 0.01201923076923077
0 0.5444711538461539 0.3798076923076923 0.009615384615384616 0.015625
0 0.5697115384615384 0.3870192307692308 0.008413461538461538 0.014423076923076924
0 0.5793269230769231 0.3954326923076923 0.01201923076923077 0.019230769230769232
0 0.5697115384615384 0.4338942307692308 0.020432692307692308 0.028846153846153848
0 0.5348557692307693 0.41225961538461536 0.015625 0.025240384615384616
0 0.5492788461538461 0.47475961538461536 0.025240384615384616 0.036057692307692304