0 0.20192307692307693 0.796875 0.10336538461538461 0.125
1 0.3245192307692308 0.8473557692307693 0.11298076923076923 0.20432692307692307
0 0.2439903846153846 0.5997596153846154 0.056490384615384616 0.06610576923076923
0 0.3641826923076923 0.5336538461538461 0.037259615384615384 0.05048076923076923
0 0.41346153846153844 0.5889423076923077 0.04567307692307692 0.06370192307692307
0 0.3713942307692308 0.4543269230769231 0.02403846153846154 0.03485576923076923
0 0.40865384615384615 0.4579326923076923 0.025240384615384616 0.038461538461538464
0 0.44350961538461536 0.4723557692307692 0.025240384615384616 0.03245192307692308
0 0.40384615384615385 0.41346153846153844 0.018028846153846152 0.030048076923076924
0 0.43509615384615385 0.4182692307692308 0.016826923076923076 0.026442307692307692
0 0.46033653846153844 0.4230769230769231 0.016826923076923076 0.020432692307692308
0 0.4362980769230769 0.3762019230769231 0.01201923076923077 0.021634615384615384
0 0.4483173076923077 0.39302884615384615 0.01201923076923077 0.014423076923076924
0 0.4723557692307692 0.3942307692307692 0.01201923076923077 0.014423076923076924
0 0.4807692307692308 0.3762019230769231 0.010817307692307692 0.014423076923076924
0 0.46274038461538464 0.36899038461538464 0.008413461538461538 0.016826923076923076
0 0.5276442307692307 0.3918269230769231 0.01201923076923077 0.019230769230769232
0 0.546875 0.38461538461538464 0.01201923076923077 0.019230769230769232
0 0.5733173076923077 0.3918269230769231 0.01201923076923077 0.018028846153846152
0 0.5949519230769231 0.4182692307692308 0.015625 0.02403846153846154
0 0.5841346153846154 0.453125 0.025240384615384616 0.040865384615384616
0 0.6322115384615384 0.46875 0.025240384615384616 0.03485576923076923
0 0.6514423076923077 0.5649038461538461 0.04807692307692308 0.07091346153846154
0 0.6310096153846154 0.6911057692307693 0.06370192307692307 0.10336538461538461
0 0.8088942307692307 0.6875 0.07932692307692307 0.10576923076923077