0 0.08413461538461539 0.7932692307692307 0.12620192307692307 0.13701923076923078
0 0.28125 0.703125 0.08173076923076923 0.10096153846153846
1 0.28125 0.5432692307692307 0.05889423076923077 0.0829326923076923
0 0.3449519230769231 0.5673076923076923 0.04326923076923077 0.06009615384615385
0 0.40865384615384615 0.6081730769230769 0.05048076923076923 0.06971153846153846
0 0.33653846153846156 0.49038461538461536 0.03245192307692308 0.03485576923076923
0 0.4074519230769231 0.4579326923076923 0.025240384615384616 0.03245192307692308
0 0.4375 0.4963942307692308 0.028846153846153848 0.040865384615384616
1 0.44591346153846156 0.45552884615384615 0.025240384615384616 0.04447115384615385
0 0.39302884615384615 0.4266826923076923 0.018028846153846152 0.025240384615384616
0 0.4362980769230769 0.4098557692307692 0.016826923076923076 0.020432692307692308
0 0.46274038461538464 0.4254807692307692 0.015625 0.021634615384615384
0 0.43028846153846156 0.3894230769230769 0.01201923076923077 0.019230769230769232
0 0.43990384615384615 0.375 0.009615384615384616 0.019230769230769232
0 0.47475961538461536 0.390625 0.01201923076923077 0.015625
0 0.45072115384615385 0.38822115384615385 0.01201923076923077 0.020432692307692308
0 0.5300480769230769 0.39903846153846156 0.015625 0.019230769230769232
0 0.5841346153846154 0.4074519230769231 0.014423076923076924 0.020432692307692308
0 0.546875 0.4483173076923077 0.020432692307692308 0.03365384615384615
0 0.578125 0.44471153846153844 0.019230769230769232 0.026442307692307692
0 0.6225961538461539 0.45072115384615385 0.027644230769230768 0.03485576923076923
0 0.5841346153846154 0.5889423076923077 0.04567307692307692 0.07211538461538461
0 0.6490384615384616 0.5612980769230769 0.04807692307692308 0.06490384615384616
0 0.8028846153846154 0.8617788461538461 0.1201923076923077 0.19831730769230768
0 0.8545673076923077 0.7379807692307693 0.08774038461538461 0.11658653846153846