0 0.36778846153846156 0.7644230769230769 0.08173076923076923 0.12259615384615384
0 0.3329326923076923 0.5901442307692307 0.04927884615384615 0.06610576923076923
0 0.3016826923076923 0.5276442307692307 0.039663461538461536 0.04567307692307692
0 0.3870192307692308 0.5 0.030048076923076924 0.038461538461538464
0 0.43990384615384615 0.4855769230769231 0.027644230769230768 0.038461538461538464
0 0.40024038461538464 0.4182692307692308 0.015625 0.025240384615384616
1 0.42908653846153844 0.40024038461538464 0.038461538461538464 0.07451923076923077
0 0.45552884615384615 0.43509615384615385 0.016826923076923076 0.027644230769230768
0 0.4543269230769231 0.38461538461538464 0.010817307692307692 0.016826923076923076
0 0.46875 0.39903846153846156 0.013221153846153846 0.015625
0 0.4795673076923077 0.37740384615384615 0.01201923076923077 0.010817307692307692
0 0.5276442307692307 0.3870192307692308 0.014423076923076924 0.021634615384615384
0 0.5420673076923077 0.41346153846153844 0.014423076923076924 0.021634615384615384
0 0.5576923076923077 0.4050480769230769 0.01201923076923077 0.018028846153846152
0 0.5733173076923077 0.390625 0.014423076923076924 0.020432692307692308
0 0.6045673076923077 0.42908653846153844 0.019230769230769232 0.027644230769230768
0 0.6370192307692307 0.47596153846153844 0.027644230769230768 0.036057692307692304
1 0.5985576923076923 0.6286057692307693 0.052884615384615384 0.09735576923076923