0 0.38221153846153844 0.7247596153846154 0.0673076923076923 0.10096153846153846
0 0.28966346153846156 0.6598557692307693 0.06850961538461539 0.08052884615384616
0 0.27403846153846156 0.5709134615384616 0.04807692307692308 0.06129807692307692
0 0.40625 0.5901442307692307 0.04567307692307692 0.06370192307692307
0 0.36778846153846156 0.5348557692307693 0.038461538461538464 0.046875
0 0.41586538461538464 0.4519230769230769 0.02403846153846154 0.030048076923076924
0 0.4495192307692308 0.47596153846153844 0.025240384615384616 0.03485576923076923
0 0.4014423076923077 0.4182692307692308 0.019230769230769232 0.021634615384615384
0 0.4375 0.4098557692307692 0.013221153846153846 0.02403846153846154
0 0.42908653846153844 0.3870192307692308 0.01201923076923077 0.015625
0 0.46153846153846156 0.4098557692307692 0.016826923076923076 0.020432692307692308
0 0.45913461538461536 0.3786057692307692 0.009615384615384616 0.01201923076923077
0 0.47596153846153844 0.3870192307692308 0.01201923076923077 0.015625
0 0.4495192307692308 0.3701923076923077 0.009615384615384616 0.01201923076923077
0 0.5288461538461539 0.38221153846153844 0.01201923076923077 0.015625
0 0.5300480769230769 0.4014423076923077 0.014423076923076924 0.019230769230769232
0 0.5649038461538461 0.41586538461538464 0.016826923076923076 0.02403846153846154
0 0.5396634615384616 0.43990384615384615 0.021634615384615384 0.027644230769230768
1 0.5985576923076923 0.4026442307692308 0.03485576923076923 0.07211538461538461
1 0.6430288461538461 0.4651442307692308 0.03485576923076923 0.07091346153846154
1 0.5769230769230769 0.5384615384615384 0.040865384615384616 0.07932692307692307
0 0.7199519230769231 0.5733173076923077 0.052884615384615384 0.0733173076923077
0 0.9242788461538461 0.8221153846153846 0.11658653846153846 0.15504807692307693